Kabupaten/ Kota,provinsi (plot_tk_kab),Tanggal,Jumlah Penduduk,Target orang diperiksa/ minggu (7 hari terakhir) (Inmendagri),Orang diperiksa/ minggu (7 hari terakhir),Spesimen diperiksa/minggu (7 hari terakhir),Orang diperiksa per 1000 penduduk/ minggu (7 hari terakhir),Positivity Rate (%) (7 hari terakhir),% Capaian (orang diperiksa/minggu dibagi target orang/minggu) (7 hari terakhir),% Pemeriksaan suspek dan kontak erat dibagi orang diperiksa/minggu (7 hari terakhir)
ACEH BARAT,ACEH,12/01/2024,206822,1078,2,0,0.00967015114446239,0.0,0.1855287569573284,
ACEH BARAT DAYA,ACEH,12/01/2024,159187,777,0,0,0.0,0.0,0.0,
ACEH BESAR,ACEH,12/01/2024,428254,2184,1,0,0.00233506283654093,0.0,0.045787545787545784,
ACEH JAYA,ACEH,12/01/2024,99200,490,4,0,0.0403225806451613,0.0,0.8163265306122449,
ACEH SELATAN,ACEH,12/01/2024,241994,2485,0,0,0.0,0.0,0.0,
ACEH SINGKIL,ACEH,12/01/2024,135684,637,0,0,0.0,0.0,0.0,
ACEH TAMIANG,ACEH,12/01/2024,309039,1519,2,0,0.00647167509602348,0.0,0.13166556945358787,
ACEH TENGAH,ACEH,12/01/2024,226744,1092,0,0,0.0,0.0,0.0,
ACEH TENGGARA,ACEH,12/01/2024,234430,1113,0,0,0.0,0.0,0.0,
ACEH TIMUR,ACEH,12/01/2024,443638,4480,0,0,0.0,0.0,0.0,
ACEH UTARA,ACEH,12/01/2024,631984,3185,1,0,0.00158231853970987,0.0,0.03139717425431711,
AGAM,SUMATERA BARAT,12/01/2024,559299,2520,7,0,0.0125156669330716,0.0,0.2777777777777778,
ALOR,NTT,12/01/2024,225020,1043,0,0,0.0,0.0,0.0,
ASAHAN,SUMATERA UTARA,12/01/2024,813720,7476,17,0,0.0208917072211572,11.7647058823529,0.22739432851792402,
ASMAT,PAPUA,12/01/2024,118534,518,0,0,0.0,0.0,0.0,
BADUNG,BALI,12/01/2024,568547,3640,141,0,0.248000605051122,2.83687943262411,3.8736263736263736,
BALANGAN,KALIMANTAN SELATAN,12/01/2024,138116,1344,8,0,0.0579223261606186,25.0,0.5952380952380952,
BANDUNG,JAWA BARAT,12/01/2024,3753116,19054,85,0,0.0226478478149889,24.7058823529412,0.446100556313635,
BANDUNG BARAT,JAWA BARAT,12/01/2024,1884191,8491,33,0,0.0175141479818129,12.1212121212121,0.38864680249676126,
BANGGAI,SULAWESI TENGAH,12/01/2024,377603,1953,7,0,0.0185379883104742,14.2857142857143,0.35842293906810035,
BANGGAI KEPULAUAN,SULAWESI TENGAH,12/01/2024,124576,602,0,0,0.0,0.0,0.0,
BANGGAI LAUT,SULAWESI TENGAH,12/01/2024,74019,392,1,0,0.013510044718248,0.0,0.25510204081632654,
BANGKA,KEP. BANGKA BELITUNG,12/01/2024,342058,343,17,0,0.0496991738243222,11.7647058823529,4.956268221574344,
BANGKA BARAT,KEP. BANGKA BELITUNG,12/01/2024,215818,1078,4,0,0.0185341352435849,0.0,0.3710575139146568,
BANGKA SELATAN,KEP. BANGKA BELITUNG,12/01/2024,208491,1064,13,0,0.0623528113923383,7.69230769230769,1.2218045112781954,
BANGKA TENGAH,KEP. BANGKA BELITUNG,12/01/2024,210482,994,22,0,0.104522001881396,13.6363636363636,2.2132796780684103,
BANGKALAN,JAWA TIMUR,12/01/2024,1102522,5054,25,0,0.0226752844841191,4.0,0.4946576968737634,
BANGLI,BALI,12/01/2024,262297,1155,8,0,0.0304997769703809,0.0,0.6926406926406926,
BANJAR,KALIMANTAN SELATAN,12/01/2024,600639,3003,8,0,0.0133191484402445,25.0,0.2664002664002664,
BANJARNEGARA,JAWA TENGAH,12/01/2024,1057562,9303,1,0,0.00094557103980665,0.0,0.01074922068150059,
BANTAENG,SULAWESI SELATAN,12/01/2024,205418,952,0,0,0.0,0.0,0.0,
BANTUL,DI YOGYAKARTA,12/01/2024,1017750,5320,168,0,0.165070007369197,10.1190476190476,3.1578947368421053,
BANYUASIN,SUMATERA SELATAN,12/01/2024,885902,4445,38,0,0.0428941350171915,5.26315789473684,0.8548931383577053,
BANYUMAS,JAWA TENGAH,12/01/2024,1847097,8596,6,0,0.003248340504045,33.3333333333333,0.06979990693345743,
BANYUWANGI,JAWA TIMUR,12/01/2024,1754393,8127,28,0,0.0159599360006566,3.57142857142857,0.34453057708871665,
BARITO KUALA,KALIMANTAN SELATAN,12/01/2024,330990,1589,3,0,0.0090637179370978,0.0,0.18879798615481436,
BARITO SELATAN,KALIMANTAN TENGAH,12/01/2024,135909,1407,3,0,0.0220735933602631,0.0,0.21321961620469082,
BARITO TIMUR,KALIMANTAN TENGAH,12/01/2024,118759,1281,3,0,0.0252612433583981,33.3333333333333,0.234192037470726,
BARITO UTARA,KALIMANTAN TENGAH,12/01/2024,162622,133,5,0,0.0307461475077173,0.0,3.7593984962406015,
BARRU,SULAWESI SELATAN,12/01/2024,189214,875,2,0,0.01057004238587,0.0,0.2285714285714286,
BATANG,JAWA TENGAH,12/01/2024,838187,3899,2,0,0.00238610238526725,50.0,0.05129520389843549,
BATANGHARI,JAMBI,12/01/2024,316550,1365,1,0,0.00315905860053704,0.0,0.07326007326007326,
BATU BARA,SUMATERA UTARA,12/01/2024,437360,427,8,0,0.0182915675873422,0.0,1.873536299765808,
BEKASI,JAWA BARAT,12/01/2024,3273868,20216,187,0,0.057118979751169,13.903743315508,0.9250098931539376,
BELITUNG,KEP. BANGKA BELITUNG,12/01/2024,191405,959,14,0,0.0731433348136151,0.0,1.4598540145985401,
BELITUNG TIMUR,KEP. BANGKA BELITUNG,12/01/2024,132835,658,5,0,0.0376406820491587,0.0,0.7598784194528876,
BELU,NTT,12/01/2024,235709,1148,6,0,0.0254551162662435,0.0,0.5226480836236934,
BENER MERIAH,ACEH,12/01/2024,172036,763,0,0,0.0,0.0,0.0,
BENGKALIS,RIAU,12/01/2024,591800,2856,13,0,0.0219668807029402,7.69230769230769,0.4551820728291317,
BENGKAYANG,KALIMANTAN BARAT,12/01/2024,303422,1330,1,0,0.00329573992657091,0.0,0.07518796992481204,
BENGKULU SELATAN,BENGKULU,12/01/2024,173315,896,1,0,0.00576984104087932,0.0,0.11160714285714285,
BENGKULU TENGAH,BENGKULU,12/01/2024,122673,581,1,0,0.00815175303449007,0.0,0.17211703958691912,
BENGKULU UTARA,BENGKULU,12/01/2024,310125,308,3,0,0.00967351874244256,0.0,0.974025974025974,
BERAU,KALIMANTAN TIMUR,12/01/2024,261833,238,4,0,0.0152769131469295,0.0,1.680672268907563,
BIAK NUMFOR,PAPUA,12/01/2024,141103,154,1,0,0.00708702153745845,0.0,0.6493506493506493,
BIMA,NTB,12/01/2024,543459,2576,1,0,0.00184006521191111,0.0,0.03881987577639751,
BINTAN,KEP. RIAU,12/01/2024,168190,833,17,0,0.101076163862299,0.0,2.0408163265306123,
BIREUEN,ACEH,12/01/2024,459073,2422,3,0,0.00653490839147587,0.0,0.12386457473162675,
BLITAR,JAWA TIMUR,12/01/2024,1263645,5852,32,0,0.0253235679324494,12.5,0.5468215994531784,
BLORA,JAWA TENGAH,12/01/2024,907993,4333,1,0,0.00110133007633319,0.0,0.02307869836141242,
BOALEMO,GORONTALO,12/01/2024,153274,1715,0,0,0.0,0.0,0.0,
BOGOR,JAWA BARAT,12/01/2024,5682303,30828,591,0,0.104007125280014,9.47546531302877,1.9170883612300504,
BOJONEGORO,JAWA TIMUR,12/01/2024,1325299,6286,25,0,0.01886366774592,12.0,0.3977091950365892,
BOLAANG MONGONDOW,SULAWESI UTARA,12/01/2024,257266,1281,0,0,0.0,0.0,0.0,
BOLAANG MONGONDOW SELATAN,SULAWESI UTARA,12/01/2024,92219,1022,0,0,0.0,0.0,0.0,
BOLAANG MONGONDOW TIMUR,SULAWESI UTARA,12/01/2024,72900,371,1,0,0.0137174211248285,100.0,0.2695417789757413,
BOLAANG MONGONDOW UTARA,SULAWESI UTARA,12/01/2024,87197,413,0,0,0.0,0.0,0.0,
BOMBANA,SULAWESI TENGGARA,12/01/2024,160654,938,0,0,0.0,0.0,0.0,
BONDOWOSO,JAWA TIMUR,12/01/2024,792309,7854,15,0,0.0189320075879486,13.3333333333333,0.19098548510313218,
BONE,SULAWESI SELATAN,12/01/2024,830119,3801,3,0,0.00361393968816519,0.0,0.07892659826361484,
BONE BOLANGO,GORONTALO,12/01/2024,170649,791,0,0,0.0,0.0,0.0,
BOVEN DIGOEL,PAPUA,12/01/2024,69035,1064,0,0,0.0,0.0,0.0,
BOYOLALI,JAWA TENGAH,12/01/2024,1099850,4956,18,0,0.016365868072919,22.2222222222222,0.36319612590799033,
BREBES,JAWA TENGAH,12/01/2024,2065501,9058,4,0,0.00193657616239353,75.0,0.044159858688452194,
BULELENG,BALI,12/01/2024,814789,3360,69,0,0.0846845011407861,7.2463768115942,2.0535714285714284,
BULUKUMBA,SULAWESI SELATAN,12/01/2024,454719,2114,1,0,0.00219916036057433,0.0,0.04730368968779565,
BULUNGAN,KALIMANTAN UTARA,12/01/2024,160241,679,7,0,0.0436842006727367,0.0,1.0309278350515463,
BUNGO,JAMBI,12/01/2024,381272,1932,10,0,0.0262279947124363,0.0,0.5175983436853002,
BUOL,SULAWESI TENGAH,12/01/2024,152355,854,3,0,0.0196908535985035,0.0,0.351288056206089,
BURU,MALUKU,12/01/2024,142304,749,0,0,0.0,0.0,0.0,
BURU SELATAN,MALUKU,12/01/2024,80842,315,0,0,0.0,0.0,0.0,
BUTON,SULAWESI TENGGARA,12/01/2024,122029,511,0,0,0.0,0.0,0.0,
BUTON SELATAN,SULAWESI TENGGARA,12/01/2024,101194,399,1,0,0.00988200881475186,0.0,0.2506265664160401,
BUTON TENGAH,SULAWESI TENGGARA,12/01/2024,121289,469,0,0,0.0,0.0,0.0,
BUTON UTARA,SULAWESI TENGGARA,12/01/2024,69799,322,0,0,0.0,0.0,0.0,
CIAMIS,JAWA BARAT,12/01/2024,1259226,1218,8,0,0.00635310897328994,12.5,0.6568144499178982,
CIANJUR,JAWA BARAT,12/01/2024,2584994,11704,39,0,0.0150870756373129,15.3846153846154,0.3332194121667806,
CILACAP,JAWA TENGAH,12/01/2024,2027379,17339,6,0,0.00295948611483102,0.0,0.03460407174577542,
CIREBON,JAWA BARAT,12/01/2024,2387961,2219,63,0,0.0263823404151073,11.1111111111111,2.8391167192429023,
DAIRI,SUMATERA UTARA,12/01/2024,330586,1428,3,0,0.00907479445590557,0.0,0.21008403361344538,
DEIYAI,PAPUA,12/01/2024,106496,385,0,0,0.0,0.0,0.0,
DELI SERDANG,SUMATERA UTARA,12/01/2024,2048480,11837,79,0,0.0385651800359291,5.06329113924051,0.6673988341640619,
DEMAK,JAWA TENGAH,12/01/2024,1252970,5929,5,0,0.00399051852797753,0.0,0.08433125316242199,
DHARMASRAYA,SUMATERA BARAT,12/01/2024,244026,1365,3,0,0.0122937719751174,0.0,0.21978021978021978,
DOGIYAI,PAPUA,12/01/2024,125178,497,0,0,0.0,0.0,0.0,
DOMPU,NTB,12/01/2024,250943,1344,2,0,0.00796993739614175,0.0,0.1488095238095238,
DONGGALA,SULAWESI TENGAH,12/01/2024,310998,3087,13,0,0.0418009119029704,15.3846153846154,0.4211208292840946,
EMPAT LAWANG,SUMATERA SELATAN,12/01/2024,345641,1295,2,0,0.00578635057762245,0.0,0.15444015444015444,
ENDE,NTT,12/01/2024,281371,1379,8,0,0.0284322122748968,12.5,0.580130529369108,
ENREKANG,SULAWESI SELATAN,12/01/2024,238099,1057,1,0,0.00419993364104847,0.0,0.0946073793755913,
FAK FAK,PAPUA BARAT,12/01/2024,90171,84,1,0,0.0110900400350445,0.0,1.1904761904761905,
FLORES TIMUR,NTT,12/01/2024,292523,1309,4,0,0.0136741384438147,25.0,0.30557677616501144,
GARUT,JAWA BARAT,12/01/2024,2716950,2660,49,0,0.0180349288724489,4.08163265306122,1.8421052631578945,
GAYO LUES,ACEH,12/01/2024,106791,1442,0,0,0.0,0.0,0.0,
GIANYAR,BALI,12/01/2024,527119,2639,55,0,0.104340765557682,1.81818181818182,2.0841227737779464,
GORONTALO,GORONTALO,12/01/2024,409509,1883,2,0,0.00488389754559729,0.0,0.10621348911311736,
GORONTALO UTARA,GORONTALO,12/01/2024,132784,560,0,0,0.0,0.0,0.0,
GOWA,SULAWESI SELATAN,12/01/2024,814041,3948,8,0,0.0098275148303341,0.0,0.2026342451874367,
GRESIK,JAWA TIMUR,12/01/2024,1364019,6783,80,0,0.058650209417904,2.5,1.1794191360754829,
GROBOGAN,JAWA TENGAH,12/01/2024,1506374,6923,9,0,0.00597461188257365,0.0,0.130001444460494,
GUNUNG MAS,KALIMANTAN TENGAH,12/01/2024,145534,595,7,0,0.0480987260708838,0.0,1.1764705882352942,
GUNUNGKIDUL,DI YOGYAKARTA,12/01/2024,752188,3885,78,0,0.103697479885348,38.4615384615385,2.0077220077220077,
HALMAHERA BARAT,MALUKU UTARA,12/01/2024,137805,595,1,0,0.00725663074634447,100.0,0.16806722689075632,
HALMAHERA SELATAN,MALUKU UTARA,12/01/2024,264926,1197,1,0,0.00377463895578388,100.0,0.0835421888053467,
HALMAHERA TENGAH,MALUKU UTARA,12/01/2024,61791,287,1,0,0.0161835866064637,0.0,0.34843205574912894,
HALMAHERA TIMUR,MALUKU UTARA,12/01/2024,98224,497,0,0,0.0,0.0,0.0,
HALMAHERA UTARA,MALUKU UTARA,12/01/2024,207739,1974,8,0,0.0385098609312647,87.5,0.4052684903748734,
HULU SUNGAI SELATAN,KALIMANTAN SELATAN,12/01/2024,238778,238,0,0,0.0,0.0,0.0,
HULU SUNGAI TENGAH,KALIMANTAN SELATAN,12/01/2024,268754,1365,44,0,0.16371849349219,2.27272727272727,3.223443223443224,
HULU SUNGAI UTARA,KALIMANTAN SELATAN,12/01/2024,237111,1197,6,0,0.0253046041727292,0.0,0.5012531328320802,
HUMBANG HASUNDUTAN,SUMATERA UTARA,12/01/2024,207076,980,5,0,0.0241457242751454,0.0,0.5102040816326531,
INDRAGIRI HILIR,RIAU,12/01/2024,684860,3619,5,0,0.00730076219957364,0.0,0.13815971262779772,
INDRAGIRI HULU,RIAU,12/01/2024,468366,448,9,0,0.0192157415354659,22.2222222222222,2.0089285714285716,
INDRAMAYU,JAWA BARAT,12/01/2024,1914037,8820,36,0,0.0188084138394399,0.0,0.40816326530612246,
INTAN JAYA,PAPUA,12/01/2024,143853,259,0,0,0.0,0.0,0.0,
JAYAPURA,PAPUA,12/01/2024,173281,126,1,0,0.00577097315920384,0.0,0.7936507936507936,
JAYAWIJAYA,PAPUA,12/01/2024,281090,1057,0,0,0.0,0.0,0.0,
JEMBER,JAWA TIMUR,12/01/2024,2603817,12404,85,0,0.0326443832266246,3.52941176470588,0.6852628184456626,
JEMBRANA,BALI,12/01/2024,325633,1421,36,0,0.110553905777363,5.55555555555556,2.533427163969036,
JENEPONTO,SULAWESI SELATAN,12/01/2024,418969,1841,2,0,0.00477362286947244,0.0,0.10863661053775121,
JEPARA,JAWA TENGAH,12/01/2024,1232880,6496,2,0,0.00162221789630783,50.0,0.03078817733990148,
JOMBANG,JAWA TIMUR,12/01/2024,1362697,6391,36,0,0.0264181986164202,11.1111111111111,0.5632921295571898,
KAIMANA,PAPUA BARAT,12/01/2024,66655,336,0,0,0.0,0.0,0.0,
KAMPAR,RIAU,12/01/2024,894848,4480,32,0,0.0357602631955371,6.25,0.7142857142857143,
KAPUAS,KALIMANTAN TENGAH,12/01/2024,430184,3661,3,0,0.00697376006546036,0.0,0.08194482381862879,
KAPUAS HULU,KALIMANTAN BARAT,12/01/2024,265772,1372,1,0,0.00376262360218533,0.0,0.0728862973760933,
KARANGANYAR,JAWA TENGAH,12/01/2024,961909,4508,18,0,0.0187127888396927,11.1111111111111,0.39929015084294583,
KARANGASEM,BALI,12/01/2024,502333,2114,15,0,0.0298606701132516,13.3333333333333,0.7095553453169348,
KARAWANG,JAWA BARAT,12/01/2024,2554384,11851,62,0,0.0242719966927447,12.9032258064516,0.5231626023120411,
KARIMUN,KEP. RIAU,12/01/2024,263344,1197,9,0,0.0341758308524212,0.0,0.7518796992481203,
KARO,SUMATERA UTARA,12/01/2024,426471,2205,4,0,0.00937930128895048,50.0,0.18140589569160998,
KATINGAN,KALIMANTAN TENGAH,12/01/2024,171856,889,1,0,0.00581882506284331,0.0,0.11248593925759282,
KAUR,BENGKULU,12/01/2024,132659,623,2,0,0.0150762481248916,0.0,0.32102728731942215,
KAYONG UTARA,KALIMANTAN BARAT,12/01/2024,135087,1169,0,0,0.0,0.0,0.0,
KEBUMEN,JAWA TENGAH,12/01/2024,1414754,11956,3,0,0.00212050999679096,33.3333333333333,0.025092004014720642,
KEDIRI,JAWA TIMUR,12/01/2024,1689916,7966,31,0,0.0183441070443738,9.67741935483871,0.3891539040923927,
KEEROM,PAPUA,12/01/2024,64179,294,0,0,0.0,0.0,0.0,
KENDAL,JAWA TENGAH,12/01/2024,1064812,4914,6,0,0.00563479750416036,16.6666666666667,0.1221001221001221,
KEPAHIANG,BENGKULU,12/01/2024,156353,714,4,0,0.0255831355970144,0.0,0.5602240896358543,
KEPULAUAN ANAMBAS,KEP. RIAU,12/01/2024,49728,217,4,0,0.0804375804375804,0.0,1.8433179723502304,
KEPULAUAN ARU,MALUKU,12/01/2024,109159,476,0,0,0.0,0.0,0.0,
KEPULAUAN MENTAWAI,SUMATERA BARAT,12/01/2024,92757,497,0,0,0.0,0.0,0.0,
KEPULAUAN MERANTI,RIAU,12/01/2024,213720,952,2,0,0.00935803855511885,0.0,0.21008403361344538,
KEPULAUAN SANGIHE,SULAWESI UTARA,12/01/2024,142846,1988,0,0,0.0,0.0,0.0,
KEPULAUAN SELAYAR,SULAWESI SELATAN,12/01/2024,142701,686,0,0,0.0,0.0,0.0,
KEPULAUAN SERIBU,DKI JAKARTA,12/01/2024,28809,133,8,0,0.277690999340484,0.0,6.015037593984962,
KEPULAUAN SULA,MALUKU UTARA,12/01/2024,109256,511,0,0,0.0,0.0,0.0,
KEPULAUAN TALAUD,SULAWESI UTARA,12/01/2024,98297,469,0,0,0.0,0.0,0.0,
KEPULAUAN TANIMBAR,MALUKU,12/01/2024,130487,504,0,0,0.0,0.0,0.0,
KEPULAUAN YAPEN,PAPUA,12/01/2024,118590,497,0,0,0.0,0.0,0.0,
KERINCI,JAMBI,12/01/2024,256706,1204,0,0,0.0,0.0,0.0,
KETAPANG,KALIMANTAN BARAT,12/01/2024,599890,2667,6,0,0.0100018336695061,0.0,0.22497187851518563,
KLATEN,JAWA TENGAH,12/01/2024,1292800,5880,48,0,0.0371287128712871,31.25,0.8163265306122449,
KLUNGKUNG,BALI,12/01/2024,209309,182,2,0,0.00955525084922292,0.0,1.098901098901099,
KOLAKA,SULAWESI TENGGARA,12/01/2024,248763,1379,1,0,0.00401989041778721,0.0,0.0725163161711385,
KOLAKA TIMUR,SULAWESI TENGGARA,12/01/2024,127549,1435,0,0,0.0,0.0,0.0,
KOLAKA UTARA,SULAWESI TENGGARA,12/01/2024,148496,791,1,0,0.0067341881262795,0.0,0.12642225031605564,
KONAWE,SULAWESI TENGGARA,12/01/2024,274071,1260,4,0,0.0145947582925592,0.0,0.31746031746031744,
KONAWE KEPULAUAN,SULAWESI TENGGARA,12/01/2024,39688,511,0,0,0.0,0.0,0.0,
KONAWE SELATAN,SULAWESI TENGGARA,12/01/2024,329210,1617,4,0,0.0121502992011178,0.0,0.24737167594310452,
KONAWE UTARA,SULAWESI TENGGARA,12/01/2024,73829,329,0,0,0.0,0.0,0.0,
KOTA AMBON,MALUKU,12/01/2024,362639,2422,14,0,0.0386058862946346,0.0,0.5780346820809248,
KOTA BALIKPAPAN,KALIMANTAN TIMUR,12/01/2024,717231,644,90,0,0.125482585108563,8.88888888888889,13.975155279503104,
KOTA BANDA ACEH,ACEH,12/01/2024,265019,1400,6,0,0.0226398861968387,0.0,0.4285714285714286,
KOTA BANDAR LAMPUNG,LAMPUNG,12/01/2024,1214333,5537,74,0,0.0609388034418895,9.45945945945946,1.3364637890554452,
KOTA BANDUNG,JAWA BARAT,12/01/2024,2528163,25886,276,0,0.10917017613184,18.8405797101449,1.0662133972031214,
KOTA BANJAR,JAWA BARAT,12/01/2024,209791,945,6,0,0.0285998922737391,0.0,0.6349206349206349,
KOTA BANJARBARU,KALIMANTAN SELATAN,12/01/2024,273466,280,8,0,0.0292540937447434,62.5,2.857142857142857,
KOTA BANJARMASIN,KALIMANTAN SELATAN,12/01/2024,668762,3598,17,0,0.025420104611207,29.4117647058824,0.4724847137298499,
KOTA BATAM,KEP. RIAU,12/01/2024,1276928,8036,70,0,0.0548190657578188,1.42857142857143,0.8710801393728222,
KOTA BATU,JAWA TIMUR,12/01/2024,222685,2128,3,0,0.0134719446752139,33.3333333333333,0.14097744360902253,
KOTA BAU BAU,SULAWESI TENGGARA,12/01/2024,168538,875,2,0,0.0118667600185121,0.0,0.2285714285714286,
KOTA BEKASI,JAWA BARAT,12/01/2024,2644058,15568,430,0,0.162628807688787,11.3953488372093,2.76207605344296,
KOTA BENGKULU,BENGKULU,12/01/2024,397321,1897,19,0,0.0478202763005227,5.26315789473684,1.0015814443858724,
KOTA BIMA,NTB,12/01/2024,163604,938,1,0,0.00611231999217623,0.0,0.10660980810234541,
KOTA BINJAI,SUMATERA UTARA,12/01/2024,307170,1435,4,0,0.013022105023277,0.0,0.2787456445993031,
KOTA BITUNG,SULAWESI UTARA,12/01/2024,234966,1134,6,0,0.0255356094073185,16.6666666666667,0.5291005291005291,
KOTA BLITAR,JAWA TIMUR,12/01/2024,154867,721,12,0,0.077485842690825,25.0,1.6643550624133148,
KOTA BOGOR,JAWA BARAT,12/01/2024,1078351,5586,287,0,0.266147107945372,9.05923344947735,5.137844611528822,
KOTA BONTANG,KALIMANTAN TIMUR,12/01/2024,188289,182,10,0,0.0531098470967502,10.0,5.4945054945054945,
KOTA BUKITTINGGI,SUMATERA BARAT,12/01/2024,125015,693,6,0,0.0479942406911171,0.0,0.8658008658008658,
KOTA CILEGON,BANTEN,12/01/2024,455617,2268,77,0,0.169001595638442,3.8961038961039,3.3950617283950617,
KOTA CIMAHI,JAWA BARAT,12/01/2024,598698,6104,23,0,0.0384166975670538,4.34782608695652,0.37680209698558326,
KOTA CIREBON,JAWA BARAT,12/01/2024,344851,1603,22,0,0.0637956682741242,22.7272727272727,1.372426699937617,
KOTA DENPASAR,BALI,12/01/2024,755568,5089,100,0,0.132350761281579,9.0,1.965022597759874,
KOTA DEPOK,JAWA BARAT,12/01/2024,2163635,25571,579,0,0.267605210675553,10.880829015544,2.2642837589456803,
KOTA DUMAI,RIAU,12/01/2024,333031,1568,15,0,0.0450408520528119,13.3333333333333,0.9566326530612245,
KOTA GORONTALO,GORONTALO,12/01/2024,207808,1106,2,0,0.00962426855558978,0.0,0.18083182640144665,
KOTA GUNUNGSITOLI,SUMATERA UTARA,12/01/2024,145233,147,2,0,0.0137709749161692,0.0,1.3605442176870748,
KOTA JAKARTA BARAT,DKI JAKARTA,12/01/2024,2479571,26621,1066,0,0.429913077705781,11.9136960600375,4.004357462153939,
KOTA JAKARTA PUSAT,DKI JAKARTA,12/01/2024,1044297,9135,430,0,0.411760255942514,10.4651162790698,4.707170224411604,
KOTA JAKARTA SELATAN,DKI JAKARTA,12/01/2024,2230653,23093,1357,0,0.608342041545682,12.969786293294,5.876239553111332,
KOTA JAKARTA TIMUR,DKI JAKARTA,12/01/2024,3086010,29498,943,0,0.305572567814103,12.6193001060445,3.1968269035188825,
KOTA JAKARTA UTARA,DKI JAKARTA,12/01/2024,1815606,18501,864,0,0.475874170937968,10.3009259259259,4.670017836873683,
KOTA JAMBI,JAMBI,12/01/2024,635101,3031,24,0,0.037789265014541,4.16666666666667,0.791817881887166,
KOTA JAYAPURA,PAPUA,12/01/2024,420577,308,15,0,0.0356652884014104,0.0,4.870129870129871,
KOTA KEDIRI,JAWA TIMUR,12/01/2024,298227,1463,10,0,0.0335315045250765,0.0,0.683526999316473,
KOTA KENDARI,SULAWESI TENGGARA,12/01/2024,370764,2058,7,0,0.0188799344057136,0.0,0.3401360544217687,
KOTA KOTAMOBAGU,SULAWESI UTARA,12/01/2024,129074,1344,1,0,0.00774749368579265,0.0,0.0744047619047619,
KOTA KUPANG,NTT,12/01/2024,474801,2352,21,0,0.0442290559623927,9.52380952380952,0.8928571428571428,
KOTA LANGSA,ACEH,12/01/2024,197909,917,1,0,0.00505282730952104,0.0,0.10905125408942204,
KOTA LHOKSEUMAWE,ACEH,12/01/2024,200403,1064,5,0,0.0249497263015025,0.0,0.4699248120300752,
KOTA LUBUK LINGGAU,SUMATERA SELATAN,12/01/2024,246046,1211,10,0,0.0406428066296546,20.0,0.8257638315441783,
KOTA MADIUN,JAWA TIMUR,12/01/2024,201767,889,10,0,0.0495621186814494,10.0,1.124859392575928,
KOTA MAGELANG,JAWA TENGAH,12/01/2024,122431,1218,1,0,0.00816786598165497,0.0,0.08210180623973727,
KOTA MAKASSAR,SULAWESI SELATAN,12/01/2024,1464637,7861,62,0,0.0423313080305905,9.67741935483871,0.7887037272611628,
KOTA MALANG,JAWA TIMUR,12/01/2024,872694,4424,74,0,0.0847948994722091,22.972972972973,1.6726943942133816,
KOTA MANADO,SULAWESI UTARA,12/01/2024,460427,2170,28,0,0.0608131147825823,25.0,1.2903225806451613,
KOTA MATARAM,NTB,12/01/2024,445010,2639,17,0,0.0382013887328375,0.0,0.6441834028040925,
KOTA MEDAN,SUMATERA UTARA,12/01/2024,2486283,11655,115,0,0.046253785269014,12.1739130434783,0.9867009867009866,
KOTA METRO,LAMPUNG,12/01/2024,175712,175,8,0,0.0455290475323256,0.0,4.571428571428571,
KOTA MOJOKERTO,JAWA TIMUR,12/01/2024,137393,658,14,0,0.101897476581776,35.7142857142857,2.127659574468085,
KOTA PADANG,SUMATERA BARAT,12/01/2024,954177,4984,26,0,0.0272486132027915,3.84615384615385,0.521669341894061,
KOTA PADANG PANJANG,SUMATERA BARAT,12/01/2024,59453,280,1,0,0.0168200090828049,0.0,0.35714285714285715,
KOTA PADANGSIDIMPUAN,SUMATERA UTARA,12/01/2024,240067,1169,0,0,0.0,0.0,0.0,
KOTA PAGAR ALAM,SUMATERA SELATAN,12/01/2024,149199,714,3,0,0.0201073733738162,33.3333333333333,0.42016806722689076,
KOTA PALANGKARAYA,KALIMANTAN TENGAH,12/01/2024,310113,1477,101,0,0.325687733181131,1.98019801980198,6.838185511171294,
KOTA PALEMBANG,SUMATERA SELATAN,12/01/2024,1718440,1736,169,0,0.0983450105910011,5.32544378698225,9.735023041474653,
KOTA PALOPO,SULAWESI SELATAN,12/01/2024,195666,952,4,0,0.0204429998057915,0.0,0.42016806722689076,
KOTA PALU,SULAWESI TENGAH,12/01/2024,392507,2023,18,0,0.0458590547429727,33.3333333333333,0.8897676717745922,
KOTA PANGKAL PINANG,KEP. BANGKA BELITUNG,12/01/2024,230441,217,19,0,0.0824506055780004,21.0526315789474,8.755760368663594,
KOTA PARE PARE,SULAWESI SELATAN,12/01/2024,160920,742,0,0,0.0,0.0,0.0,
KOTA PARIAMAN,SUMATERA BARAT,12/01/2024,98336,462,1,0,0.0101692157500814,0.0,0.21645021645021645,
KOTA PASURUAN,JAWA TIMUR,12/01/2024,219392,203,27,0,0.123067386231039,3.7037037037037,13.30049261083744,
KOTA PAYAKUMBUH,SUMATERA BARAT,12/01/2024,146731,714,0,0,0.0,0.0,0.0,
KOTA PEKALONGAN,JAWA TENGAH,12/01/2024,321095,3122,4,0,0.0124573724287205,0.0,0.12812299807815503,
KOTA PEKANBARU,RIAU,12/01/2024,1026671,5894,90,0,0.0876619676605261,10.0,1.526976586359009,
KOTA PEMATANGSIANTAR,SUMATERA UTARA,12/01/2024,277054,2611,19,0,0.0685786886310972,5.26315789473684,0.7276905400229797,
KOTA PONTIANAK,KALIMANTAN BARAT,12/01/2024,680852,3332,18,0,0.0264374636484875,11.1111111111111,0.5402160864345739,
KOTA PRABUMULIH,SUMATERA SELATAN,12/01/2024,203312,196,7,0,0.0344298418194696,14.2857142857143,3.571428571428571,
KOTA PROBOLINGGO,JAWA TIMUR,12/01/2024,249539,1218,5,0,0.0200369481323561,40.0,0.41050903119868637,
KOTA SABANG,ACEH,12/01/2024,43470,175,47,0,1.08120542903152,0.0,26.857142857142858,
KOTA SALATIGA,JAWA TENGAH,12/01/2024,201270,1001,0,0,0.0,0.0,0.0,
KOTA SAMARINDA,KALIMANTAN TIMUR,12/01/2024,858079,868,59,0,0.0687582378778644,8.47457627118644,6.797235023041474,
KOTA SAWAHLUNTO,SUMATERA BARAT,12/01/2024,68725,322,1,0,0.0145507457257184,0.0,0.3105590062111801,
KOTA SEMARANG,JAWA TENGAH,12/01/2024,1708833,1883,68,0,0.039793239011653,25.0,3.6112586298459903,
KOTA SERANG,BANTEN,12/01/2024,734866,3591,84,0,0.114306553847912,2.38095238095238,2.3391812865497075,
KOTA SIBOLGA,SUMATERA UTARA,12/01/2024,91747,91,1,0,0.0108995389495024,0.0,1.098901098901099,
KOTA SINGKAWANG,KALIMANTAN BARAT,12/01/2024,249998,1162,3,0,0.012000096000768,0.0,0.25817555938037867,
KOTA SOLOK,SUMATERA BARAT,12/01/2024,79459,378,0,0,0.0,0.0,0.0,
KOTA SORONG,PAPUA BARAT,12/01/2024,298742,1414,4,0,0.0133894798856538,0.0,0.2828854314002829,
KOTA SUBULUSSALAM,ACEH,12/01/2024,99062,413,0,0,0.0,0.0,0.0,
KOTA SUKABUMI,JAWA BARAT,12/01/2024,365735,1659,32,0,0.0874950442260106,31.25,1.9288728149487642,
KOTA SUNGAI PENUH,JAMBI,12/01/2024,100847,441,0,0,0.0,0.0,0.0,
KOTA SURABAYA,JAWA TIMUR,12/01/2024,2921996,14637,971,0,0.332307094191779,13.1822863027806,6.63387306141969,
KOTA SURAKARTA,JAWA TENGAH,12/01/2024,528044,2597,37,0,0.0700699184158896,24.3243243243243,1.424720831728918,
KOTA TANGERANG,BANTEN,12/01/2024,1963966,23100,706,0,0.359476691551687,7.08215297450425,3.056277056277056,
KOTA TANGERANG SELATAN,BANTEN,12/01/2024,1399496,17766,546,0,0.390140450562202,17.032967032967,3.0732860520094563,
KOTA TANJUNG BALAI,SUMATERA UTARA,12/01/2024,185647,910,7,0,0.0377059688548697,42.8571428571429,0.7692307692307693,
KOTA TANJUNG PINANG,KEP. RIAU,12/01/2024,237432,1106,22,0,0.0926581084268338,0.0,1.9891500904159132,
KOTA TARAKAN,KALIMANTAN UTARA,12/01/2024,253916,266,70,0,0.275681721514202,7.14285714285714,26.31578947368421,
KOTA TASIKMALAYA,JAWA BARAT,12/01/2024,750727,3430,18,0,0.0239767585287328,22.2222222222222,0.5247813411078718,
KOTA TEBING TINGGI,SUMATERA UTARA,12/01/2024,180977,1708,5,0,0.0276278201097377,20.0,0.29274004683840754,
KOTA TEGAL,JAWA TENGAH,12/01/2024,285843,2499,6,0,0.0209905437600361,83.3333333333333,0.24009603841536614,
KOTA TERNATE,MALUKU UTARA,12/01/2024,214414,1218,2,0,0.00932774912085965,0.0,0.16420361247947454,
KOTA TIDORE KEPULAUAN,MALUKU UTARA,12/01/2024,120439,1526,0,0,0.0,0.0,0.0,
KOTA TOMOHON,SULAWESI UTARA,12/01/2024,103954,1106,2,0,0.0192392789118264,50.0,0.18083182640144665,
KOTA TUAL,MALUKU,12/01/2024,92744,392,0,0,0.0,0.0,0.0,
KOTA YOGYAKARTA,DI YOGYAKARTA,12/01/2024,375779,2247,164,0,0.436426729540501,3.04878048780488,7.2986203827325316,
KOTABARU,KALIMANTAN SELATAN,12/01/2024,343684,1757,6,0,0.0174578973708407,0.0,0.3414911781445646,
KOTAWARINGIN BARAT,KALIMANTAN TENGAH,12/01/2024,282790,1589,3,0,0.0106085788040595,0.0,0.18879798615481436,
KOTAWARINGIN TIMUR,KALIMANTAN TENGAH,12/01/2024,448184,2317,8,0,0.0178498116844867,0.0,0.3452740612861459,
KUANTAN SINGINGI,RIAU,12/01/2024,349251,1617,4,0,0.0114530810219584,0.0,0.24737167594310452,
KUBU RAYA,KALIMANTAN BARAT,12/01/2024,649866,2968,10,0,0.0153877876362204,0.0,0.3369272237196766,
KUDUS,JAWA TENGAH,12/01/2024,883322,4466,8,0,0.00905671997301098,62.5,0.17913121361397222,
KULON PROGO,DI YOGYAKARTA,12/01/2024,445315,2240,21,0,0.0471576299922527,23.8095238095238,0.9375,
KUNINGAN,JAWA BARAT,12/01/2024,1213927,5502,14,0,0.0115328186950286,14.2857142857143,0.2544529262086514,
KUPANG,NTT,12/01/2024,380212,2037,4,0,0.0105204464877489,25.0,0.19636720667648502,
KUTAI BARAT,KALIMANTAN TIMUR,12/01/2024,178743,756,201,0,1.12451956160521,4.97512437810945,26.58730158730159,
KUTAI KARTANEGARA,KALIMANTAN TIMUR,12/01/2024,789767,791,47,0,0.0595112229303073,2.12765957446809,5.941845764854614,
KUTAI TIMUR,KALIMANTAN TIMUR,12/01/2024,462993,2002,9,0,0.0194387388146257,0.0,0.4495504495504496,
LABUHANBATU,SUMATERA UTARA,12/01/2024,520545,2632,5,0,0.00960531750377009,0.0,0.1899696048632219,
LABUHANBATU SELATAN,SUMATERA UTARA,12/01/2024,336577,1827,3,0,0.00891326501810878,0.0,0.16420361247947454,
LABUHANBATU UTARA,SUMATERA UTARA,12/01/2024,408749,1869,6,0,0.0146789349943364,0.0,0.32102728731942215,
LAHAT,SUMATERA SELATAN,12/01/2024,450281,2100,13,0,0.0288708606403557,23.0769230769231,0.6190476190476191,
LAMANDAU,KALIMANTAN TENGAH,12/01/2024,103676,420,3,0,0.0289363015548439,33.3333333333333,0.7142857142857143,
LAMONGAN,JAWA TIMUR,12/01/2024,1378147,6034,57,0,0.0413598839601291,14.0350877192982,0.944647000331455,
LAMPUNG BARAT,LAMPUNG,12/01/2024,315923,308,5,0,0.0158266413018362,0.0,1.6233766233766231,
LAMPUNG SELATAN,LAMPUNG,12/01/2024,1119314,5194,24,0,0.0214417044725609,8.33333333333333,0.4620716211012707,
LAMPUNG TENGAH,LAMPUNG,12/01/2024,1525088,6552,21,0,0.013769697224029,4.76190476190476,0.3205128205128205,
LAMPUNG TIMUR,LAMPUNG,12/01/2024,1153773,5341,17,0,0.0147342674858919,5.88235294117647,0.3182924545965175,
LAMPUNG UTARA,LAMPUNG,12/01/2024,659887,3115,14,0,0.0212157536062993,0.0,0.44943820224719105,
LANDAK,KALIMANTAN BARAT,12/01/2024,419092,3871,1,0,0.00238611092552471,0.0,0.025833118057349523,
LANGKAT,SUMATERA UTARA,12/01/2024,1078676,5299,6,0,0.00556237461480556,16.6666666666667,0.11322891111530478,
LANNY JAYA,PAPUA,12/01/2024,208536,1015,0,0,0.0,0.0,0.0,
LEBAK,BANTEN,12/01/2024,1449205,6580,30,0,0.0207010050337944,3.33333333333333,0.4559270516717325,
LEBONG,BENGKULU,12/01/2024,111750,588,1,0,0.00894854586129754,0.0,0.17006802721088435,
LEMBATA,NTT,12/01/2024,143345,756,4,0,0.0279047054309533,0.0,0.5291005291005291,
LIMA PULUH KOTA,SUMATERA BARAT,12/01/2024,401086,1974,4,0,0.00997292351266312,0.0,0.2026342451874367,
LINGGA,KEP. RIAU,12/01/2024,102006,455,1,0,0.00980334490128032,0.0,0.21978021978021978,
LOMBOK BARAT,NTB,12/01/2024,765049,3710,9,0,0.0117639523742924,0.0,0.24258760107816713,
LOMBOK TENGAH,NTB,12/01/2024,1109800,4977,0,0,0.0,0.0,0.0,
LOMBOK TIMUR,NTB,12/01/2024,1414461,6279,5,0,0.00353491542007874,0.0,0.07963051441312312,
LOMBOK UTARA,NTB,12/01/2024,261557,1155,0,0,0.0,0.0,0.0,
LUMAJANG,JAWA TIMUR,12/01/2024,1145849,5250,19,0,0.0165815914662403,5.26315789473684,0.3619047619047619,
LUWU,SULAWESI SELATAN,12/01/2024,384280,1862,4,0,0.0104090767148954,0.0,0.21482277121374865,
LUWU TIMUR,SULAWESI SELATAN,12/01/2024,312731,1540,14,0,0.0447669083013836,0.0,0.9090909090909091,
LUWU UTARA,SULAWESI SELATAN,12/01/2024,337655,1603,2,0,0.00592320563889177,0.0,0.12476606363069245,
MADIUN,JAWA TIMUR,12/01/2024,757839,3430,24,0,0.031668995657389,12.5,0.6997084548104956,
MAGELANG,JAWA TENGAH,12/01/2024,1341447,13125,100,0,0.0745463667219055,5.0,0.7619047619047619,
MAGETAN,JAWA TIMUR,12/01/2024,685500,3185,99,0,0.144420131291028,2.02020202020202,3.108320251177394,
MAHAKAM ULU,KALIMANTAN TIMUR,12/01/2024,34246,266,14,0,0.408806867955382,14.2857142857143,5.263157894736842,
MAJALENGKA,JAWA BARAT,12/01/2024,1352541,6167,46,0,0.0340100595841457,2.17391304347826,0.7459056267228799,
MAJENE,SULAWESI BARAT,12/01/2024,183869,882,0,0,0.0,0.0,0.0,
MALAKA,NTT,12/01/2024,193510,1001,2,0,0.0103353831843316,0.0,0.1998001998001998,
MALANG,JAWA TIMUR,12/01/2024,2735993,13251,108,0,0.0394737852033978,10.1851851851852,0.8150328277111162,
MALINAU,KALIMANTAN UTARA,12/01/2024,86523,1344,3,0,0.0346728615512638,33.3333333333333,0.2232142857142857,
MALUKU BARAT DAYA,MALUKU,12/01/2024,87197,371,0,0,0.0,0.0,0.0,
MALUKU TENGAH,MALUKU,12/01/2024,440848,1883,2,0,0.00453671106594563,0.0,0.10621348911311736,
MALUKU TENGGARA,MALUKU,12/01/2024,126245,567,0,0,0.0,0.0,0.0,
MAMASA,SULAWESI BARAT,12/01/2024,172923,1638,1,0,0.00578292072193982,0.0,0.06105006105006105,
MAMBERAMO RAYA,PAPUA,12/01/2024,39388,126,0,0,0.0,0.0,0.0,
MAMBERAMO TENGAH,PAPUA,12/01/2024,53631,553,0,0,0.0,0.0,0.0,
MAMUJU,SULAWESI BARAT,12/01/2024,297141,1533,0,0,0.0,0.0,0.0,
MAMUJU TENGAH,SULAWESI BARAT,12/01/2024,145120,700,0,0,0.0,0.0,0.0,
MANDAILING NATAL,SUMATERA UTARA,12/01/2024,505360,2303,0,0,0.0,0.0,0.0,
MANGGARAI,NTT,12/01/2024,334464,1764,7,0,0.0209290088021431,0.0,0.3968253968253968,
MANGGARAI BARAT,NTT,12/01/2024,276284,1463,7,0,0.0253362482083653,14.2857142857143,0.4784688995215311,
MANGGARAI TIMUR,NTT,12/01/2024,296174,1477,1,0,0.00337639360646107,0.0,0.06770480704129993,
MANOKWARI,PAPUA BARAT,12/01/2024,204955,882,5,0,0.0243955990339343,20.0,0.5668934240362812,
MANOKWARI SELATAN,PAPUA BARAT,12/01/2024,38820,133,0,0,0.0,0.0,0.0,
MAPPI,PAPUA,12/01/2024,115102,518,0,0,0.0,0.0,0.0,
MAROS,SULAWESI SELATAN,12/01/2024,413594,1799,3,0,0.00725349013767124,0.0,0.16675931072818231,
MAYBRAT,PAPUA BARAT,12/01/2024,47542,224,0,0,0.0,0.0,0.0,
MELAWI,KALIMANTAN BARAT,12/01/2024,243250,1078,0,0,0.0,0.0,0.0,
MEMPAWAH,KALIMANTAN BARAT,12/01/2024,316728,1351,3,0,0.00947184966280215,0.0,0.22205773501110287,
MERANGIN,JAMBI,12/01/2024,373409,1967,4,0,0.010712114598202,0.0,0.20335536349771224,
MERAUKE,PAPUA,12/01/2024,239404,1190,4,0,0.0167081585938414,25.0,0.33613445378151263,
MESUJI,LAMPUNG,12/01/2024,241600,1015,3,0,0.0124172185430464,0.0,0.2955665024630542,
MIMIKA,PAPUA,12/01/2024,327777,1106,12,0,0.0366102563633202,0.0,1.0849909584086799,
MINAHASA,SULAWESI UTARA,12/01/2024,353539,3458,13,0,0.03677104930432,46.1538461538462,0.37593984962406013,
MINAHASA SELATAN,SULAWESI UTARA,12/01/2024,241261,3178,3,0,0.0124346661913861,66.6666666666667,0.09439899307740718,
MINAHASA TENGGARA,SULAWESI UTARA,12/01/2024,120438,532,4,0,0.0332121091349906,25.0,0.7518796992481203,
MINAHASA UTARA,SULAWESI UTARA,12/01/2024,233471,1022,3,0,0.0128495616157895,0.0,0.29354207436399216,
MOJOKERTO,JAWA TIMUR,12/01/2024,1154257,5726,22,0,0.0190598800787,13.6363636363636,0.38421236465246245,
MOROWALI,SULAWESI TENGAH,12/01/2024,173313,630,4,0,0.0230796304951158,0.0,0.6349206349206349,
MOROWALI UTARA,SULAWESI TENGAH,12/01/2024,127865,1358,15,0,0.117311226684394,100.0,1.1045655375552283,
MUARA ENIM,SUMATERA SELATAN,12/01/2024,640962,3318,16,0,0.0249624782748431,12.5,0.48221820373719104,
MUARO JAMBI,JAMBI,12/01/2024,424579,2317,4,0,0.00942109713386672,0.0,0.17263703064307295,
MUKO MUKO,BENGKULU,12/01/2024,201700,952,4,0,0.0198314328210213,0.0,0.42016806722689076,
MUNA,SULAWESI TENGGARA,12/01/2024,227984,1141,1,0,0.00438627272089269,100.0,0.0876424189307625,
MUNA BARAT,SULAWESI TENGGARA,12/01/2024,90956,1253,0,0,0.0,0.0,0.0,
MURUNG RAYA,KALIMANTAN TENGAH,12/01/2024,118443,602,2,0,0.0168857593948144,50.0,0.33222591362126247,
MUSI BANYUASIN,SUMATERA SELATAN,12/01/2024,651950,3374,7,0,0.0107370197101005,28.5714285714286,0.2074688796680498,
MUSI RAWAS,SUMATERA SELATAN,12/01/2024,411787,2100,4,0,0.00971375978357743,0.0,0.19047619047619047,
MUSI RAWAS UTARA,SUMATERA SELATAN,12/01/2024,198413,994,3,0,0.0151199770176349,66.6666666666667,0.30181086519114686,
NABIRE,PAPUA,12/01/2024,175358,742,1,0,0.00570261978352855,0.0,0.13477088948787064,
NAGAN RAYA,ACEH,12/01/2024,176429,854,0,0,0.0,0.0,0.0,
NAGEKEO,NTT,12/01/2024,168355,749,0,0,0.0,0.0,0.0,
NATUNA,KEP. RIAU,12/01/2024,85664,812,1,0,0.0116735151288756,0.0,0.12315270935960591,
NDUGA,PAPUA,12/01/2024,113344,574,0,0,0.0,0.0,0.0,
NGADA,NTT,12/01/2024,174088,847,6,0,0.0344653278801526,0.0,0.7083825265643447,
NGANJUK,JAWA TIMUR,12/01/2024,1131777,5313,121,0,0.106911520555728,9.09090909090909,2.2774327122153206,
NGAWI,JAWA TIMUR,12/01/2024,884086,4207,21,0,0.0237533452627912,9.52380952380952,0.49916805324459235,
NIAS,SUMATERA UTARA,12/01/2024,155629,728,2,0,0.0128510753137269,0.0,0.27472527472527475,
NIAS BARAT,SUMATERA UTARA,12/01/2024,97251,413,0,0,0.0,0.0,0.0,
NIAS SELATAN,SUMATERA UTARA,12/01/2024,389957,1645,6,0,0.0153863118241242,0.0,0.364741641337386,
NIAS UTARA,SUMATERA UTARA,12/01/2024,158676,700,1,0,0.0063021502936802,0.0,0.14285714285714285,
NUNUKAN,KALIMANTAN UTARA,12/01/2024,210937,1057,4,0,0.0189630079123151,0.0,0.3784295175023652,
OGAN ILIR,SUMATERA SELATAN,12/01/2024,436141,2219,7,0,0.0160498554366592,14.2857142857143,0.31545741324921134,
OGAN KOMERING ILIR,SUMATERA SELATAN,12/01/2024,807085,4312,6,0,0.00743416120978583,0.0,0.13914656771799627,
OGAN KOMERING ULU,SUMATERA SELATAN,12/01/2024,383039,1911,9,0,0.0234963019431442,22.2222222222222,0.47095761381475665,
OGAN KOMERING ULU SELATAN,SUMATERA SELATAN,12/01/2024,429535,1883,4,0,0.00931239596307635,25.0,0.21242697822623471,
OGAN KOMERING ULU TIMUR,SUMATERA SELATAN,12/01/2024,674184,3479,8,0,0.0118661967652748,12.5,0.22995113538373094,
PACITAN,JAWA TIMUR,12/01/2024,588569,5579,18,0,0.0305826504623927,22.2222222222222,0.3226384656748521,
PADANG LAWAS,SUMATERA UTARA,12/01/2024,280764,1526,1,0,0.0035617101907652,0.0,0.0655307994757536,
PADANG LAWAS UTARA,SUMATERA UTARA,12/01/2024,280595,1463,1,0,0.00356385537874873,100.0,0.0683526999316473,
PADANG PARIAMAN,SUMATERA BARAT,12/01/2024,459169,2121,3,0,0.00653354211630141,0.0,0.14144271570014144,
PAHUWATO,GORONTALO,12/01/2024,153770,826,2,0,0.0130064381869025,0.0,0.24213075060532688,
PAKPAK BHARAT,SUMATERA UTARA,12/01/2024,56212,56,0,0,0.0,0.0,0.0,
PAMEKASAN,JAWA TIMUR,12/01/2024,884697,4529,12,0,0.0135639659680094,0.0,0.2649591521307132,
PANDEGLANG,BANTEN,12/01/2024,1325952,6153,27,0,0.0203627280625543,0.0,0.43881033642125794,
PANGANDARAN,JAWA BARAT,12/01/2024,434104,2037,34,0,0.0783222453605588,2.94117647058824,1.6691212567501228,
PANGKAJENE KEPULAUAN,SULAWESI SELATAN,12/01/2024,359163,1708,3,0,0.00835275348518639,0.0,0.1756440281030445,
PANIAI,PAPUA,12/01/2024,236534,861,0,0,0.0,0.0,0.0,
PARIGI MOUTONG,SULAWESI TENGAH,12/01/2024,459781,7679,3,0,0.00652484552428221,33.3333333333333,0.039067586925380905,
PASAMAN,SUMATERA BARAT,12/01/2024,318080,2919,1,0,0.00314386317907445,0.0,0.0342583076396026,
PASAMAN BARAT,SUMATERA BARAT,12/01/2024,456467,2387,0,0,0.0,0.0,0.0,
PASANGKAYU,SULAWESI BARAT,12/01/2024,202860,917,1,0,0.0049295080350981,0.0,0.10905125408942204,
PASER,KALIMANTAN TIMUR,12/01/2024,286991,1435,7,0,0.0243910087772787,42.8571428571429,0.4878048780487805,
PASURUAN,JAWA TIMUR,12/01/2024,1657216,8302,199,0,0.12008090677377,2.51256281407035,2.397012768007709,
PATI,JAWA TENGAH,12/01/2024,1370821,6335,6,0,0.00437693907519654,66.6666666666667,0.0947119179163378,
PEGUNUNGAN ARFAK,PAPUA BARAT,12/01/2024,41470,175,0,0,0.0,0.0,0.0,
PEGUNUNGAN BINTANG,PAPUA,12/01/2024,83333,392,0,0,0.0,0.0,0.0,
PEKALONGAN,JAWA TENGAH,12/01/2024,1019006,9065,2,0,0.00196269698117577,50.0,0.02206287920573635,
PELALAWAN,RIAU,12/01/2024,414943,2695,5,0,0.0120498478104222,0.0,0.1855287569573284,
PEMALANG,JAWA TENGAH,12/01/2024,1541685,6503,6,0,0.00389184561048463,50.0,0.09226510841150237,
PENAJAM PASER UTARA,KALIMANTAN TIMUR,12/01/2024,267686,798,18,0,0.0672429637709854,44.4444444444444,2.2556390977443606,
PENUKAL ABAB LEMATANG ILIR,SUMATERA SELATAN,12/01/2024,205384,987,5,0,0.0243446422311378,0.0,0.5065856129685917,
PESAWARAN,LAMPUNG,12/01/2024,500298,2289,9,0,0.0179892783900795,22.2222222222222,0.39318479685452157,
PESISIR BARAT,LAMPUNG,12/01/2024,172316,791,1,0,0.00580329162701084,0.0,0.12642225031605564,
PESISIR SELATAN,SUMATERA BARAT,12/01/2024,532913,2380,1,0,0.00187647889993301,0.0,0.04201680672268908,
PIDIE,ACEH,12/01/2024,452547,2289,2,0,0.00441943046799559,0.0,0.08737439930100481,
PIDIE JAYA,ACEH,12/01/2024,166467,1652,0,0,0.0,0.0,0.0,
PINRANG,SULAWESI SELATAN,12/01/2024,424646,1918,2,0,0.00470980534374514,0.0,0.10427528675703858,
POLEWALI MANDAR,SULAWESI BARAT,12/01/2024,501319,2226,3,0,0.00598421364440606,33.3333333333333,0.13477088948787064,
PONOROGO,JAWA TIMUR,12/01/2024,962941,4389,22,0,0.0228466749260858,0.0,0.5012531328320802,
POSO,SULAWESI TENGAH,12/01/2024,254060,1351,4,0,0.0157443123671574,0.0,0.2960769800148038,
PRINGSEWU,LAMPUNG,12/01/2024,424679,2044,16,0,0.0376755149183265,0.0,0.7827788649706457,
PROBOLINGGO,JAWA TIMUR,12/01/2024,1185242,5943,9,0,0.00759338599205901,0.0,0.1514386673397274,
PULANG PISAU,KALIMANTAN TENGAH,12/01/2024,139508,1288,8,0,0.0573443816842045,12.5,0.6211180124223602,
PULAU MOROTAI,MALUKU UTARA,12/01/2024,79660,350,0,0,0.0,0.0,0.0,
PULAU TALIABU,MALUKU UTARA,12/01/2024,61368,273,0,0,0.0,0.0,0.0,
PUNCAK,PAPUA,12/01/2024,122592,574,0,0,0.0,0.0,0.0,
PUNCAK JAYA,PAPUA,12/01/2024,235124,658,1,0,0.00425307497320563,0.0,0.1519756838905775,
PURBALINGGA,JAWA TENGAH,12/01/2024,1037637,9513,1,0,0.000963728163124484,100.0,0.010511931041732366,
PURWAKARTA,JAWA BARAT,12/01/2024,1050344,959,20,0,0.0190413807285994,20.0,2.0855057351407713,
PURWOREJO,JAWA TENGAH,12/01/2024,795033,7168,2,0,0.00251561884852578,50.0,0.027901785714285712,
RAJA AMPAT,PAPUA BARAT,12/01/2024,70061,252,0,0,0.0,0.0,0.0,
REJANG LEBONG,BENGKULU,12/01/2024,288832,2765,4,0,0.0138488810104144,0.0,0.14466546112115733,
REMBANG,JAWA TENGAH,12/01/2024,665237,3234,3,0,0.00450967098943685,66.6666666666667,0.0927643784786642,
ROKAN HILIR,RIAU,12/01/2024,673323,3703,13,0,0.0193072269920974,0.0,0.351066702673508,
ROKAN HULU,RIAU,12/01/2024,593486,7476,13,0,0.0219044762639725,15.3846153846154,0.17388978063135366,
ROTE NDAO,NTT,12/01/2024,152950,966,0,0,0.0,0.0,0.0,
SABU RAIJUA,NTT,12/01/2024,94787,525,0,0,0.0,0.0,0.0,
SAMBAS,KALIMANTAN BARAT,12/01/2024,654912,2723,10,0,0.0152692270106518,0.0,0.3672420124862284,
SAMOSIR,SUMATERA UTARA,12/01/2024,143071,637,1,0,0.00698953666361457,0.0,0.15698587127158556,
SAMPANG,JAWA TIMUR,12/01/2024,1016254,5054,25,0,0.0246001491753046,0.0,0.4946576968737634,
SANGGAU,KALIMANTAN BARAT,12/01/2024,510412,2422,3,0,0.00587760475850881,0.0,0.12386457473162675,
SARMI,PAPUA,12/01/2024,43092,203,0,0,0.0,0.0,0.0,
SAROLANGUN,JAMBI,12/01/2024,306514,1554,8,0,0.0260999497575967,0.0,0.5148005148005148,
SEKADAU,KALIMANTAN BARAT,12/01/2024,222510,1022,10,0,0.0449418003685228,0.0,0.9784735812133072,
SELUMA,BENGKULU,12/01/2024,217507,1001,3,0,0.0137926595465893,0.0,0.2997002997002997,
SEMARANG,JAWA TENGAH,12/01/2024,1089767,1085,3,0,0.00275288203808704,33.3333333333333,0.2764976958525346,
SERAM BAGIAN BARAT,MALUKU,12/01/2024,226044,868,1,0,0.00442391746739573,0.0,0.1152073732718894,
SERAM BAGIAN TIMUR,MALUKU,12/01/2024,147139,574,0,0,0.0,0.0,0.0,
SERANG,BANTEN,12/01/2024,1701803,7602,99,0,0.0581735958862453,2.02020202020202,1.3022888713496448,
SERDANG BEDAGAI,SUMATERA UTARA,12/01/2024,691638,3080,6,0,0.00867505833976734,16.6666666666667,0.19480519480519481,
SERUYAN,KALIMANTAN TENGAH,12/01/2024,174314,1078,1,0,0.00573677386784768,0.0,0.0927643784786642,
SIAK,RIAU,12/01/2024,483754,2548,9,0,0.0186044973271539,22.2222222222222,0.35321821036106754,
SIDENRENG RAPPANG,SULAWESI SELATAN,12/01/2024,330742,1526,1,0,0.00302350472573789,0.0,0.0655307994757536,
SIDOARJO,JAWA TIMUR,12/01/2024,2171480,11774,204,0,0.0939451434044983,7.84313725490196,1.7326312213351451,
SIGI,SULAWESI TENGAH,12/01/2024,269963,2436,7,0,0.0259294792249308,57.1428571428571,0.28735632183908044,
SIJUNJUNG,SUMATERA BARAT,12/01/2024,246775,1260,0,0,0.0,0.0,0.0,
SIKKA,NTT,12/01/2024,340327,322,84,0,0.246821439380361,30.952380952381,26.08695652173913,
SIMALUNGUN,SUMATERA UTARA,12/01/2024,1051845,4389,6,0,0.00570426251016072,16.6666666666667,0.1367053998632946,
SIMEULUE,ACEH,12/01/2024,98633,490,0,0,0.0,0.0,0.0,
SINJAI,SULAWESI SELATAN,12/01/2024,270434,1232,3,0,0.0110932796911631,0.0,0.2435064935064935,
SINTANG,KALIMANTAN BARAT,12/01/2024,443684,2149,5,0,0.011269281741059,0.0,0.23266635644485809,
SITARO,SULAWESI UTARA,12/01/2024,73922,672,2,0,0.0270555450339547,100.0,0.2976190476190476,
SITUBONDO,JAWA TIMUR,12/01/2024,700719,3458,13,0,0.0185523726343941,7.69230769230769,0.37593984962406013,
SLEMAN,DI YOGYAKARTA,12/01/2024,1168471,6412,187,0,0.16003820377228,18.1818181818182,2.9164067373674363,
SOLOK,SUMATERA BARAT,12/01/2024,410426,1911,1,0,0.00243649281478269,0.0,0.052328623757195186,
SOLOK SELATAN,SUMATERA BARAT,12/01/2024,195034,910,5,0,0.0256365556774716,0.0,0.5494505494505495,
SOPPENG,SULAWESI SELATAN,12/01/2024,239355,1148,1,0,0.00417789475883102,0.0,0.08710801393728224,
SORONG,PAPUA BARAT,12/01/2024,123136,483,0,0,0.0,0.0,0.0,
SORONG SELATAN,PAPUA BARAT,12/01/2024,56292,252,0,0,0.0,0.0,0.0,
SRAGEN,JAWA TENGAH,12/01/2024,1004761,4452,37,0,0.0368246777094254,8.10810810810811,0.8310871518418688,
SUBANG,JAWA BARAT,12/01/2024,1663156,7973,32,0,0.0192405282487031,12.5,0.40135457167941807,
SUKABUMI,JAWA BARAT,12/01/2024,2828024,12698,37,0,0.0130833401696732,5.40540540540541,0.29138446999527484,
SUKAMARA,KALIMANTAN TENGAH,12/01/2024,67806,1008,2,0,0.029495914815798,0.0,0.1984126984126984,
SUKOHARJO,JAWA TENGAH,12/01/2024,941650,4522,24,0,0.0254871767641905,37.5,0.5307386112339673,
SUMBA BARAT,NTT,12/01/2024,155013,679,3,0,0.0193532155367614,0.0,0.4418262150220913,
SUMBA BARAT DAYA,NTT,12/01/2024,328771,1820,5,0,0.0152081540038507,20.0,0.27472527472527475,
SUMBA TENGAH,NTT,12/01/2024,92354,1134,0,0,0.0,0.0,0.0,
SUMBA TIMUR,NTT,12/01/2024,259261,2674,34,0,0.131141976618157,94.1176470588235,1.2715033657442034,
SUMBAWA,NTB,12/01/2024,536597,2408,11,0,0.0204995555323641,0.0,0.45681063122923593,
SUMBAWA BARAT,NTB,12/01/2024,155535,826,20,0,0.128588420612724,0.0,2.4213075060532687,
SUMEDANG,JAWA BARAT,12/01/2024,1187133,5929,32,0,0.0269556991508112,40.625,0.5397200202395007,
SUMENEP,JAWA TIMUR,12/01/2024,1153188,5502,16,0,0.0138745807275136,6.25,0.2908033442384587,
SUPIORI,PAPUA,12/01/2024,24527,21,1,0,0.0407713947894157,0.0,4.761904761904762,
TABALONG,KALIMANTAN SELATAN,12/01/2024,266885,1302,1,0,0.00374693219926185,0.0,0.07680491551459294,
TABANAN,BALI,12/01/2024,467667,2268,11,0,0.0235210096072633,0.0,0.48500881834215165,
TAKALAR,SULAWESI SELATAN,12/01/2024,317017,1505,1,0,0.00315440496881871,0.0,0.0664451827242525,
TAMBRAUW,PAPUA BARAT,12/01/2024,31354,14,1,0,0.031893857243095,0.0,7.142857142857142,
TANA TIDUNG,KALIMANTAN UTARA,12/01/2024,28161,154,0,0,0.0,0.0,0.0,
TANA TORAJA,SULAWESI SELATAN,12/01/2024,292422,1204,3,0,0.0102591460286846,0.0,0.24916943521594684,
TANAH BUMBU,KALIMANTAN SELATAN,12/01/2024,342363,2037,5,0,0.0146043818987449,0.0,0.24545900834560627,
TANAH DATAR,SUMATERA BARAT,12/01/2024,388228,1750,3,0,0.00772741790906375,0.0,0.17142857142857143,
TANAH LAUT,KALIMANTAN SELATAN,12/01/2024,364982,1757,0,0,0.0,0.0,0.0,
TANGERANG,BANTEN,12/01/2024,3400486,19635,783,0,0.230261203839686,3.83141762452107,3.9877769289533993,
TANGGAMUS,LAMPUNG,12/01/2024,670367,3080,26,0,0.0387847253817685,0.0,0.8441558441558441,
TANJUNG JABUNG BARAT,JAMBI,12/01/2024,335069,1701,1,0,0.00298445991721108,0.0,0.058788947677836566,
TANJUNG JABUNG TIMUR,JAMBI,12/01/2024,238975,1071,2,0,0.00836907626320745,0.0,0.18674136321195145,
TAPANULI SELATAN,SUMATERA UTARA,12/01/2024,316486,1428,0,0,0.0,0.0,0.0,
TAPANULI TENGAH,SUMATERA UTARA,12/01/2024,394910,2016,5,0,0.0126611126585804,0.0,0.248015873015873,
TAPANULI UTARA,SUMATERA UTARA,12/01/2024,326993,1540,3,0,0.00917450832280813,0.0,0.19480519480519481,
TAPIN,KALIMANTAN SELATAN,12/01/2024,198870,973,1,0,0.00502841051943481,0.0,0.10277492291880781,
TASIKMALAYA,JAWA BARAT,12/01/2024,1920921,9058,80,0,0.0416466892704073,1.25,0.8831971737690439,
TEBO,JAMBI,12/01/2024,355262,1806,3,0,0.00844447196716789,0.0,0.16611295681063123,
TEGAL,JAWA TENGAH,12/01/2024,1674803,7189,18,0,0.0107475326948901,38.8888888888889,0.2503825288635415,
TELUK BINTUNI,PAPUA BARAT,12/01/2024,91064,343,2,0,0.0219625757708864,0.0,0.5830903790087464,
TELUK WONDAMA,PAPUA BARAT,12/01/2024,45561,35,1,0,0.021948596387261,0.0,2.857142857142857,
TEMANGGUNG,JAWA TENGAH,12/01/2024,814879,7840,8,0,0.00981740847414156,37.5,0.10204081632653061,
TIMOR TENGAH SELATAN,NTT,12/01/2024,481281,2366,5,0,0.0103889411798928,40.0,0.2113271344040575,
TIMOR TENGAH UTARA,NTT,12/01/2024,275439,1302,5,0,0.0181528396487062,20.0,0.38402457757296465,
TOBA SAMOSIR,SUMATERA UTARA,12/01/2024,216720,1855,9,0,0.0415282392026578,0.0,0.48517520215633425,
TOJO UNA UNA,SULAWESI TENGAH,12/01/2024,170815,2359,1,0,0.00585428680151041,0.0,0.0423908435777872,
TOLI TOLI,SULAWESI TENGAH,12/01/2024,233898,2408,8,0,0.0342029431632592,62.5,0.33222591362126247,
TOLIKARA,PAPUA,12/01/2024,246375,756,0,0,0.0,0.0,0.0,
TORAJA UTARA,SULAWESI SELATAN,12/01/2024,277791,1197,5,0,0.0179991432407817,0.0,0.4177109440267335,
TRENGGALEK,JAWA TIMUR,12/01/2024,744516,3507,18,0,0.0241767806198927,5.55555555555556,0.5132591958939264,
TUBAN,JAWA TIMUR,12/01/2024,1225205,5929,22,0,0.0179561787619215,4.54545454545455,0.3710575139146568,
TULANG BAWANG,LAMPUNG,12/01/2024,450336,2331,7,0,0.0155439494066652,0.0,0.3003003003003003,
TULANG BAWANG BARAT,LAMPUNG,12/01/2024,298696,1393,4,0,0.0133915419021346,0.0,0.2871500358937545,
TULUNGAGUNG,JAWA TIMUR,12/01/2024,1113847,5257,16,0,0.0143646299716209,6.25,0.3043560966330607,
WAJO,SULAWESI SELATAN,12/01/2024,389052,2037,2,0,0.00514070098598645,0.0,0.09818360333824251,
WAKATOBI,SULAWESI TENGGARA,12/01/2024,118259,518,1,0,0.0084560160326064,0.0,0.19305019305019305,
WAROPEN,PAPUA,12/01/2024,35814,168,0,0,0.0,0.0,0.0,
WAY KANAN,LAMPUNG,12/01/2024,497260,4620,11,0,0.0221212243092145,0.0,0.2380952380952381,
WONOGIRI,JAWA TENGAH,12/01/2024,1054145,4788,3,0,0.00284590829534836,0.0,0.06265664160401002,
WONOSOBO,JAWA TENGAH,12/01/2024,920506,3962,5,0,0.00543179512137889,0.0,0.12619888944977284,
YAHUKIMO,PAPUA,12/01/2024,372397,994,0,0,0.0,0.0,0.0,
YALIMO,PAPUA,12/01/2024,108340,343,0,0,0.0,0.0,0.0,
