Kabupaten/ Kota,provinsi (plot_tk_kab),Tanggal,Jumlah Penduduk,Target orang diperiksa/ minggu (7 hari terakhir) (Inmendagri),Orang diperiksa/ minggu (7 hari terakhir),Spesimen diperiksa/minggu (7 hari terakhir),Orang diperiksa per 1000 penduduk/ minggu (7 hari terakhir),Positivity Rate (%) (7 hari terakhir),% Capaian (orang diperiksa/minggu dibagi target orang/minggu) (7 hari terakhir),% Pemeriksaan suspek dan kontak erat dibagi orang diperiksa/minggu (7 hari terakhir)
ACEH BARAT,ACEH,28/12/2023,218171,1078,0,0,0.0,0.0,0.0,
ACEH BARAT DAYA,ACEH,28/12/2023,158019,777,0,0,0.0,0.0,0.0,
ACEH BESAR,ACEH,28/12/2023,442065,2184,2,0,0.00452422155112936,0.0,0.09157509157509157,
ACEH JAYA,ACEH,28/12/2023,98816,490,4,0,0.040479274611399,0.0,0.8163265306122449,
ACEH SELATAN,ACEH,28/12/2023,251633,2485,0,0,0.0,0.0,0.0,
ACEH SINGKIL,ACEH,28/12/2023,129001,637,1,0,0.00775187789241944,0.0,0.15698587127158556,
ACEH TAMIANG,ACEH,28/12/2023,307662,1519,0,0,0.0,0.0,0.0,
ACEH TENGAH,ACEH,28/12/2023,220975,1092,0,0,0.0,0.0,0.0,
ACEH TENGGARA,ACEH,28/12/2023,225273,1113,0,0,0.0,0.0,0.0,
ACEH TIMUR,ACEH,28/12/2023,454438,4480,0,0,0.0,0.0,0.0,
ACEH UTARA,ACEH,28/12/2023,643469,3185,0,0,0.0,0.0,0.0,
AGAM,SUMATERA BARAT,28/12/2023,507351,2520,1,0,0.00197102203405532,0.0,0.03968253968253968,
ALOR,NTT,28/12/2023,210123,1043,1,0,0.0047591172789271,0.0,0.09587727708533077,
ASAHAN,SUMATERA UTARA,28/12/2023,752396,7476,21,0,0.0279108341883795,14.2857142857143,0.2808988764044944,
ASMAT,PAPUA,28/12/2023,105558,518,0,0,0.0,0.0,0.0,
BADUNG,BALI,28/12/2023,744765,3640,184,0,0.247057796754681,8.15217391304348,5.054945054945055,
BALANGAN,KALIMANTAN SELATAN,28/12/2023,135996,1344,1,0,0.00735315744580723,0.0,0.0744047619047619,
BANDUNG,JAWA BARAT,28/12/2023,3847117,19054,75,0,0.0194951180325423,20.0,0.3936181379237956,
BANDUNG BARAT,JAWA BARAT,28/12/2023,1706900,8491,42,0,0.0246060108969477,28.5714285714286,0.49464138499587795,
BANGGAI,SULAWESI TENGAH,28/12/2023,395851,1953,7,0,0.0176834212873025,0.0,0.35842293906810035,
BANGGAI KEPULAUAN,SULAWESI TENGAH,28/12/2023,120257,602,0,0,0.0,0.0,0.0,
BANGGAI LAUT,SULAWESI TENGAH,28/12/2023,79976,392,0,0,0.0,0.0,0.0,
BANGKA,KEP. BANGKA BELITUNG,28/12/2023,345527,343,11,0,0.03183542820098,0.0,3.206997084548105,
BANGKA BARAT,KEP. BANGKA BELITUNG,28/12/2023,218524,1078,10,0,0.0457615639472095,10.0,0.927643784786642,
BANGKA SELATAN,KEP. BANGKA BELITUNG,28/12/2023,214921,1064,1,0,0.00465287245080751,0.0,0.09398496240601503,
BANGKA TENGAH,KEP. BANGKA BELITUNG,28/12/2023,200830,994,11,0,0.0547726933227108,18.1818181818182,1.1066398390342052,
BANGKALAN,JAWA TIMUR,28/12/2023,1018075,5054,16,0,0.0157159344841981,12.5,0.31658092599920856,
BANGLI,BALI,28/12/2023,232095,1155,11,0,0.0473943859195588,0.0,0.9523809523809524,
BANJAR,KALIMANTAN SELATAN,28/12/2023,607164,3003,5,0,0.00823500734562655,60.0,0.1665001665001665,
BANJARNEGARA,JAWA TENGAH,28/12/2023,933377,9303,1,0,0.00107137844622269,0.0,0.01074922068150059,
BANTAENG,SULAWESI SELATAN,28/12/2023,190772,952,0,0,0.0,0.0,0.0,
BANTUL,DI YOGYAKARTA,28/12/2023,1078404,5320,127,0,0.117766625494713,14.9606299212598,2.387218045112782,
BANYUASIN,SUMATERA SELATAN,28/12/2023,898649,4445,46,0,0.0511879499114782,0.0,1.0348706411698538,
BANYUMAS,JAWA TENGAH,28/12/2023,1730767,8596,7,0,0.00404444965729067,71.4285714285714,0.08143322475570033,
BANYUWANGI,JAWA TIMUR,28/12/2023,1629172,8127,23,0,0.0141176008426366,8.69565217391304,0.2830072597514458,
BARITO KUALA,KALIMANTAN SELATAN,28/12/2023,320133,1589,8,0,0.0249896136918093,0.0,0.5034612964128383,
BARITO SELATAN,KALIMANTAN TENGAH,28/12/2023,141528,1407,3,0,0.0211972189248771,0.0,0.21321961620469082,
BARITO TIMUR,KALIMANTAN TENGAH,28/12/2023,130007,1281,2,0,0.0153837870268524,0.0,0.156128024980484,
BARITO UTARA,KALIMANTAN TENGAH,28/12/2023,133586,133,1,0,0.00748581438174659,0.0,0.7518796992481203,
BARRU,SULAWESI SELATAN,28/12/2023,175924,875,2,0,0.0113685455082877,0.0,0.2285714285714286,
BATANG,JAWA TENGAH,28/12/2023,785195,3899,2,0,0.0025471379720961,100.0,0.05129520389843549,
BATANGHARI,JAMBI,28/12/2023,274117,1365,1,0,0.00364807728086912,0.0,0.07326007326007326,
BATU BARA,SUMATERA UTARA,28/12/2023,432925,427,2,0,0.00461973782987815,0.0,0.468384074941452,
BEKASI,JAWA BARAT,28/12/2023,4166696,20216,158,0,0.0379197330450794,18.3544303797468,0.781559161060546,
BELITUNG,KEP. BANGKA BELITUNG,28/12/2023,194384,959,9,0,0.0463001070046917,0.0,0.9384775808133473,
BELITUNG TIMUR,KEP. BANGKA BELITUNG,28/12/2023,132547,658,1,0,0.00754449365130859,0.0,0.1519756838905775,
BELU,NTT,28/12/2023,232794,1148,3,0,0.0128869300755174,0.0,0.2613240418118467,
BENER MERIAH,ACEH,28/12/2023,154463,763,1,0,0.00647404232728874,0.0,0.1310615989515072,
BENGKALIS,RIAU,28/12/2023,573164,2856,10,0,0.0174470134202427,10.0,0.350140056022409,
BENGKAYANG,KALIMANTAN BARAT,28/12/2023,269707,1330,6,0,0.0222463636464756,16.6666666666667,0.4511278195488722,
BENGKULU SELATAN,BENGKULU,28/12/2023,183088,896,2,0,0.0109237088176178,0.0,0.2232142857142857,
BENGKULU TENGAH,BENGKULU,28/12/2023,117380,581,0,0,0.0,0.0,0.0,
BENGKULU UTARA,BENGKULU,28/12/2023,312967,308,3,0,0.00958567516703039,0.0,0.974025974025974,
BERAU,KALIMANTAN TIMUR,28/12/2023,240424,238,23,0,0.0956643263567697,0.0,9.663865546218489,
BIAK NUMFOR,PAPUA,28/12/2023,152123,154,3,0,0.0197208837585375,0.0,1.948051948051948,
BIMA,NTB,28/12/2023,520986,2576,3,0,0.00575831212355035,0.0,0.11645962732919254,
BINTAN,KEP. RIAU,28/12/2023,167625,833,5,0,0.0298284862043251,0.0,0.6002400960384154,
BIREUEN,ACEH,28/12/2023,490248,2422,1,0,0.00203978394608443,0.0,0.041288191577208914,
BLITAR,JAWA TIMUR,28/12/2023,1173198,5852,27,0,0.0230140180941324,3.7037037037037,0.4613807245386192,
BLORA,JAWA TENGAH,28/12/2023,867525,4333,2,0,0.00230540906602115,0.0,0.04615739672282484,
BOALEMO,GORONTALO,28/12/2023,174497,1715,2,0,0.0114615150976808,0.0,0.11661807580174927,
BOGOR,JAWA BARAT,28/12/2023,6262797,30828,395,0,0.0630708611503774,13.4177215189873,1.281302711820423,
BOJONEGORO,JAWA TIMUR,28/12/2023,1259078,6286,21,0,0.0166788713646017,9.52380952380952,0.33407572383073497,
BOLAANG MONGONDOW,SULAWESI UTARA,28/12/2023,258726,1281,1,0,0.00386509280087815,0.0,0.078064012490242,
BOLAANG MONGONDOW SELATAN,SULAWESI UTARA,28/12/2023,74714,1022,0,0,0.0,0.0,0.0,
BOLAANG MONGONDOW TIMUR,SULAWESI UTARA,28/12/2023,68959,371,0,0,0.0,0.0,0.0,
BOLAANG MONGONDOW UTARA,SULAWESI UTARA,28/12/2023,83129,413,0,0,0.0,0.0,0.0,
BOMBANA,SULAWESI TENGGARA,28/12/2023,192132,938,0,0,0.0,0.0,0.0,
BONDOWOSO,JAWA TIMUR,28/12/2023,788512,7854,10,0,0.0126821151738972,0.0,0.12732365673542145,
BONE,SULAWESI SELATAN,28/12/2023,761105,3801,2,0,0.00262775832506684,0.0,0.052617732175743226,
BONE BOLANGO,GORONTALO,28/12/2023,159500,791,0,0,0.0,0.0,0.0,
BOVEN DIGOEL,PAPUA,28/12/2023,72236,1064,0,0,0.0,0.0,0.0,
BOYOLALI,JAWA TENGAH,28/12/2023,994052,4956,20,0,0.0201196718079135,10.0,0.40355125100887806,
BREBES,JAWA TENGAH,28/12/2023,1814324,9058,0,0,0.0,0.0,0.0,
BULELENG,BALI,28/12/2023,675747,3360,90,0,0.133185940892079,22.2222222222222,2.6785714285714284,
BULUKUMBA,SULAWESI SELATAN,28/12/2023,424924,2114,1,0,0.00235336201297173,0.0,0.04730368968779565,
BULUNGAN,KALIMANTAN UTARA,28/12/2023,135751,679,7,0,0.0515649976795751,14.2857142857143,1.0309278350515463,
BUNGO,JAMBI,28/12/2023,391949,1932,5,0,0.0127567617215505,0.0,0.2587991718426501,
BUOL,SULAWESI TENGAH,28/12/2023,173874,854,0,0,0.0,0.0,0.0,
BURU,MALUKU,28/12/2023,153154,749,1,0,0.00652937566109929,0.0,0.13351134846461948,
BURU SELATAN,MALUKU,28/12/2023,64051,315,0,0,0.0,0.0,0.0,
BUTON,SULAWESI TENGGARA,28/12/2023,102848,511,0,0,0.0,0.0,0.0,
BUTON SELATAN,SULAWESI TENGGARA,28/12/2023,80464,399,0,0,0.0,0.0,0.0,
BUTON TENGAH,SULAWESI TENGGARA,28/12/2023,93742,469,2,0,0.0213351539331356,0.0,0.42643923240938164,
BUTON UTARA,SULAWESI TENGGARA,28/12/2023,64773,322,0,0,0.0,0.0,0.0,
CIAMIS,JAWA BARAT,28/12/2023,1225011,1218,9,0,0.00734687280359115,11.1111111111111,0.7389162561576355,
CIANJUR,JAWA BARAT,28/12/2023,2352318,11704,37,0,0.0157291658695806,8.10810810810811,0.31613123718386876,
CILACAP,JAWA TENGAH,28/12/2023,1738563,17339,4,0,0.00230075067742728,50.0,0.02306938116385028,
CIREBON,JAWA BARAT,28/12/2023,2228100,2219,49,0,0.0219918316054037,8.16326530612245,2.2082018927444795,
DAIRI,SUMATERA UTARA,28/12/2023,286786,1428,2,0,0.00697384112195156,0.0,0.1400560224089636,
DEIYAI,PAPUA,28/12/2023,78313,385,0,0,0.0,0.0,0.0,
DELI SERDANG,SUMATERA UTARA,28/12/2023,2415031,11837,52,0,0.0215318147054841,9.61538461538462,0.439300498437104,
DEMAK,JAWA TENGAH,28/12/2023,1194793,5929,3,0,0.00251089519272376,0.0,0.05059875189745319,
DHARMASRAYA,SUMATERA BARAT,28/12/2023,280815,1365,1,0,0.00356106333351139,0.0,0.07326007326007326,
DOGIYAI,PAPUA,28/12/2023,100627,497,0,0,0.0,0.0,0.0,
DOMPU,NTB,28/12/2023,273516,1344,1,0,0.00365609324500212,0.0,0.0744047619047619,
DONGGALA,SULAWESI TENGAH,28/12/2023,310388,3087,9,0,0.0289959663389049,22.2222222222222,0.2915451895043732,
EMPAT LAWANG,SUMATERA SELATAN,28/12/2023,261577,1295,3,0,0.0114688982594035,0.0,0.23166023166023164,
ENDE,NTT,28/12/2023,276097,1379,11,0,0.0398410703484645,27.2727272727273,0.7976794778825236,
ENREKANG,SULAWESI SELATAN,28/12/2023,212917,1057,3,0,0.0140899975107671,33.3333333333333,0.28382213812677387,
FAK FAK,PAPUA BARAT,28/12/2023,83748,84,0,0,0.0,0.0,0.0,
FLORES TIMUR,NTT,28/12/2023,263294,1309,8,0,0.0303842852476699,12.5,0.6111535523300229,
GARUT,JAWA BARAT,28/12/2023,2670596,2660,39,0,0.0146034817696125,2.56410256410256,1.4661654135338347,
GAYO LUES,ACEH,28/12/2023,97199,1442,0,0,0.0,0.0,0.0,
GIANYAR,BALI,28/12/2023,532500,2639,69,0,0.129577464788732,10.1449275362319,2.614626752557787,
GORONTALO,GORONTALO,28/12/2023,376709,1883,3,0,0.00796370673384496,0.0,0.15932023366967604,
GORONTALO UTARA,GORONTALO,28/12/2023,112544,560,0,0,0.0,0.0,0.0,
GOWA,SULAWESI SELATAN,28/12/2023,798502,3948,17,0,0.0212898652727232,0.0,0.43059777102330293,
GRESIK,JAWA TIMUR,28/12/2023,1370060,6783,64,0,0.0467132826299578,6.25,0.9435353088603863,
GROBOGAN,JAWA TENGAH,28/12/2023,1387876,6923,0,0,0.0,0.0,0.0,
GUNUNG MAS,KALIMANTAN TENGAH,28/12/2023,120066,595,2,0,0.0166575050388953,50.0,0.33613445378151263,
GUNUNGKIDUL,DI YOGYAKARTA,28/12/2023,786023,3885,35,0,0.0445279591055224,28.5714285714286,0.9009009009009009,
HALMAHERA BARAT,MALUKU UTARA,28/12/2023,120809,595,0,0,0.0,0.0,0.0,
HALMAHERA SELATAN,MALUKU UTARA,28/12/2023,241115,1197,0,0,0.0,0.0,0.0,
HALMAHERA TENGAH,MALUKU UTARA,28/12/2023,59226,287,1,0,0.0168844764123865,0.0,0.34843205574912894,
HALMAHERA TIMUR,MALUKU UTARA,28/12/2023,101470,497,0,0,0.0,0.0,0.0,
HALMAHERA UTARA,MALUKU UTARA,28/12/2023,199477,1974,1,0,0.00501310928076921,0.0,0.050658561296859174,
HULU SUNGAI SELATAN,KALIMANTAN SELATAN,28/12/2023,239802,238,1,0,0.00417010700494575,0.0,0.42016806722689076,
HULU SUNGAI TENGAH,KALIMANTAN SELATAN,28/12/2023,274685,1365,36,0,0.131059213280667,0.0,2.6373626373626373,
HULU SUNGAI UTARA,KALIMANTAN SELATAN,28/12/2023,240875,1197,5,0,0.0207576543850545,0.0,0.4177109440267335,
HUMBANG HASUNDUTAN,SUMATERA UTARA,28/12/2023,197573,980,7,0,0.0354299423504224,0.0,0.7142857142857143,
INDRAGIRI HILIR,RIAU,28/12/2023,724628,3619,4,0,0.00552007374818528,0.0,0.11052777010223819,
INDRAGIRI HULU,RIAU,28/12/2023,453478,448,545,0,1.20182235962935,0.0,121.65178571428572,
INDRAMAYU,JAWA BARAT,28/12/2023,1772781,8820,30,0,0.016922564039213,23.3333333333333,0.3401360544217687,
INTAN JAYA,PAPUA,28/12/2023,53093,259,0,0,0.0,0.0,0.0,
JAYAPURA,PAPUA,28/12/2023,130403,126,1,0,0.00766853523308513,0.0,0.7936507936507936,
JAYAWIJAYA,PAPUA,28/12/2023,211582,1057,1,0,0.00472629996880642,100.0,0.0946073793755913,
JEMBER,JAWA TIMUR,28/12/2023,2488791,12404,65,0,0.0261170986233878,3.07692307692308,0.5240245082231538,
JEMBRANA,BALI,28/12/2023,285122,1421,40,0,0.140290822875822,7.5,2.8149190710767065,
JENEPONTO,SULAWESI SELATAN,28/12/2023,370256,1841,3,0,0.00810250205263385,0.0,0.16295491580662683,
JEPARA,JAWA TENGAH,28/12/2023,1315309,6496,2,0,0.00152055524595361,0.0,0.03078817733990148,
JOMBANG,JAWA TIMUR,28/12/2023,1283132,6391,30,0,0.0233802913496039,13.3333333333333,0.46941010796432486,
KAIMANA,PAPUA BARAT,28/12/2023,68414,336,0,0,0.0,0.0,0.0,
KAMPAR,RIAU,28/12/2023,910417,4480,18,0,0.0197711598091863,5.55555555555556,0.40178571428571425,
KAPUAS,KALIMANTAN TENGAH,28/12/2023,368881,3661,7,0,0.0189763094331234,0.0,0.19120458891013384,
KAPUAS HULU,KALIMANTAN BARAT,28/12/2023,277685,1372,0,0,0.0,0.0,0.0,
KARANGANYAR,JAWA TENGAH,28/12/2023,906845,4508,20,0,0.0220544856066913,5.0,0.44365572315882873,
KARANGASEM,BALI,28/12/2023,424277,2114,7,0,0.0164986553595882,14.2857142857143,0.33112582781456956,
KARAWANG,JAWA BARAT,28/12/2023,2382048,11851,56,0,0.0235091820148041,17.8571428571429,0.47253396337861786,
KARIMUN,KEP. RIAU,28/12/2023,241193,1197,3,0,0.0124381719204123,33.3333333333333,0.2506265664160401,
KARO,SUMATERA UTARA,28/12/2023,448535,2205,5,0,0.0111474020979411,0.0,0.22675736961451248,
KATINGAN,KALIMANTAN TENGAH,28/12/2023,179849,889,6,0,0.0333613197738103,0.0,0.6749156355455568,
KAUR,BENGKULU,28/12/2023,126168,623,0,0,0.0,0.0,0.0,
KAYONG UTARA,KALIMANTAN BARAT,28/12/2023,118380,1169,0,0,0.0,0.0,0.0,
KEBUMEN,JAWA TENGAH,28/12/2023,1196032,11956,0,0,0.0,0.0,0.0,
KEDIRI,JAWA TIMUR,28/12/2023,1597867,7966,36,0,0.0225300353533805,8.33333333333333,0.45192066281697213,
KEEROM,PAPUA,28/12/2023,59638,294,0,0,0.0,0.0,0.0,
KENDAL,JAWA TENGAH,28/12/2023,988217,4914,5,0,0.0050596174726806,20.0,0.10175010175010174,
KEPAHIANG,BENGKULU,28/12/2023,144299,714,0,0,0.0,0.0,0.0,
KEPULAUAN ANAMBAS,KEP. RIAU,28/12/2023,44365,217,0,0,0.0,0.0,0.0,
KEPULAUAN ARU,MALUKU,28/12/2023,95651,476,2,0,0.0209093475238105,0.0,0.42016806722689076,
KEPULAUAN MENTAWAI,SUMATERA BARAT,28/12/2023,100747,497,1,0,0.0099258538715793,0.0,0.2012072434607646,
KEPULAUAN MERANTI,RIAU,28/12/2023,190898,952,4,0,0.0209535982566606,25.0,0.42016806722689076,
KEPULAUAN SANGIHE,SULAWESI UTARA,28/12/2023,132584,1988,1,0,0.00754238822180655,0.0,0.05030181086519115,
KEPULAUAN SELAYAR,SULAWESI SELATAN,28/12/2023,137849,686,1,0,0.00725431450355099,0.0,0.1457725947521866,
KEPULAUAN SERIBU,DKI JAKARTA,28/12/2023,26485,133,5,0,0.188786105342647,0.0,3.7593984962406015,
KEPULAUAN SULA,MALUKU UTARA,28/12/2023,103740,511,0,0,0.0,0.0,0.0,
KEPULAUAN TALAUD,SULAWESI UTARA,28/12/2023,94379,469,0,0,0.0,0.0,0.0,
KEPULAUAN TANIMBAR,MALUKU,28/12/2023,112973,504,1,0,0.00885167252352332,0.0,0.1984126984126984,
KEPULAUAN YAPEN,PAPUA,28/12/2023,100801,497,1,0,0.00992053650261406,100.0,0.2012072434607646,
KERINCI,JAMBI,28/12/2023,241852,1204,0,0,0.0,0.0,0.0,
KETAPANG,KALIMANTAN BARAT,28/12/2023,541898,2667,6,0,0.0110721943982078,16.6666666666667,0.22497187851518563,
KLATEN,JAWA TENGAH,28/12/2023,1176818,5880,45,0,0.0382387081094953,20.0,0.7653061224489796,
KLUNGKUNG,BALI,28/12/2023,182138,182,9,0,0.0494130823880794,11.1111111111111,4.945054945054945,
KOLAKA,SULAWESI TENGGARA,28/12/2023,280538,1379,2,0,0.00712915897311594,0.0,0.145032632342277,
KOLAKA TIMUR,SULAWESI TENGGARA,28/12/2023,146111,1435,0,0,0.0,0.0,0.0,
KOLAKA UTARA,SULAWESI TENGGARA,28/12/2023,161198,791,0,0,0.0,0.0,0.0,
KONAWE,SULAWESI TENGGARA,28/12/2023,254658,1260,2,0,0.00785367041286745,50.0,0.15873015873015872,
KONAWE KEPULAUAN,SULAWESI TENGGARA,28/12/2023,34251,511,1,0,0.0291962278473621,0.0,0.19569471624266144,
KONAWE SELATAN,SULAWESI TENGGARA,28/12/2023,328036,1617,3,0,0.00914533770683705,33.3333333333333,0.1855287569573284,
KONAWE UTARA,SULAWESI TENGGARA,28/12/2023,67113,329,0,0,0.0,0.0,0.0,
KOTA AMBON,MALUKU,28/12/2023,495319,2422,8,0,0.0161512076056037,0.0,0.3303055326176713,
KOTA BALIKPAPAN,KALIMANTAN TIMUR,28/12/2023,649422,644,140,0,0.215576312474785,8.57142857142857,21.73913043478261,
KOTA BANDA ACEH,ACEH,28/12/2023,284233,1400,2,0,0.00703648063384618,0.0,0.14285714285714285,
KOTA BANDAR LAMPUNG,LAMPUNG,28/12/2023,1124566,5537,56,0,0.0497969883492832,0.0,1.0113780025284451,
KOTA BANDUNG,JAWA BARAT,28/12/2023,2601133,25886,357,0,0.137247883902899,24.6498599439776,1.3791238507301244,
KOTA BANJAR,JAWA BARAT,28/12/2023,190140,945,2,0,0.0105185652676975,0.0,0.21164021164021166,
KOTA BANJARBARU,KALIMANTAN SELATAN,28/12/2023,286800,280,10,0,0.0348675034867503,10.0,3.571428571428571,
KOTA BANJARMASIN,KALIMANTAN SELATAN,28/12/2023,724795,3598,36,0,0.0496692168130299,13.8888888888889,1.000555864369094,
KOTA BATAM,KEP. RIAU,28/12/2023,1672719,8036,35,0,0.0209240165263861,2.85714285714286,0.4355400696864111,
KOTA BATU,JAWA TIMUR,28/12/2023,214508,2128,6,0,0.027970984765137,16.6666666666667,0.28195488721804507,
KOTA BAU BAU,SULAWESI TENGGARA,28/12/2023,177104,875,4,0,0.0225855994218087,0.0,0.4571428571428572,
KOTA BEKASI,JAWA BARAT,28/12/2023,3171688,15568,477,0,0.150393102978603,17.6100628930818,3.0639773895169578,
KOTA BENGKULU,BENGKULU,28/12/2023,382357,1897,7,0,0.01830749796656,0.0,0.36900369003690037,
KOTA BIMA,NTB,28/12/2023,191789,938,5,0,0.0260703168586311,20.0,0.5330490405117271,
KOTA BINJAI,SUMATERA UTARA,28/12/2023,289874,1435,5,0,0.0172488736485507,0.0,0.34843205574912894,
KOTA BITUNG,SULAWESI UTARA,28/12/2023,229175,1134,0,0,0.0,0.0,0.0,
KOTA BLITAR,JAWA TIMUR,28/12/2023,145583,721,11,0,0.0755582726005097,0.0,1.5256588072122053,
KOTA BOGOR,JAWA BARAT,28/12/2023,1126065,5586,227,0,0.201586942139219,19.3832599118943,4.063730755460079,
KOTA BONTANG,KALIMANTAN TIMUR,28/12/2023,188101,182,10,0,0.0531629284267495,0.0,5.4945054945054945,
KOTA BUKITTINGGI,SUMATERA BARAT,28/12/2023,140959,693,3,0,0.0212827843557346,0.0,0.4329004329004329,
KOTA CILEGON,BANTEN,28/12/2023,458235,2268,68,0,0.148395473938045,7.35294117647059,2.9982363315696645,
KOTA CIMAHI,JAWA BARAT,28/12/2023,613241,6104,30,0,0.0489204081266582,23.3333333333333,0.49148099606815204,
KOTA CIREBON,JAWA BARAT,28/12/2023,322248,1603,11,0,0.0341352002184653,9.09090909090909,0.6862133499688085,
KOTA DENPASAR,BALI,28/12/2023,1037874,5089,132,0,0.127183068464958,8.33333333333333,2.593829829043034,
KOTA DEPOK,JAWA BARAT,28/12/2023,2625541,25571,600,0,0.228524330795063,18.1666666666667,2.3464080403582184,
KOTA DUMAI,RIAU,28/12/2023,316785,1568,3,0,0.00947014536673138,0.0,0.1913265306122449,
KOTA GORONTALO,GORONTALO,28/12/2023,224150,1106,2,0,0.00892259647557439,0.0,0.18083182640144665,
KOTA GUNUNGSITOLI,SUMATERA UTARA,28/12/2023,149456,147,2,0,0.013381864896692,0.0,1.3605442176870748,
KOTA JAKARTA BARAT,DKI JAKARTA,28/12/2023,2685139,26621,1253,0,0.466642509009776,15.1636073423783,4.706810412831975,
KOTA JAKARTA PUSAT,DKI JAKARTA,28/12/2023,914534,9135,504,0,0.551100341813426,15.8730158730159,5.517241379310345,
KOTA JAKARTA SELATAN,DKI JAKARTA,28/12/2023,2323642,23093,1451,0,0.624450754462176,15.1619572708477,6.283289308448447,
KOTA JAKARTA TIMUR,DKI JAKARTA,28/12/2023,2962784,29498,997,0,0.336507825072634,14.6439317953862,3.3798901620448842,
KOTA JAKARTA UTARA,DKI JAKARTA,28/12/2023,1862496,18501,848,0,0.455302991254746,13.0896226415094,4.5835360250797255,
KOTA JAMBI,JAMBI,28/12/2023,608973,3031,23,0,0.037768505336033,0.0,0.7588254701418674,
KOTA JAYAPURA,PAPUA,28/12/2023,313133,308,16,0,0.0510964989317638,12.5,5.194805194805195,
KOTA KEDIRI,JAWA TIMUR,28/12/2023,294532,1463,11,0,0.0373473850040064,0.0,0.7518796992481203,
KOTA KENDARI,SULAWESI TENGGARA,28/12/2023,422098,2058,8,0,0.0189529445768518,25.0,0.3887269193391642,
KOTA KOTAMOBAGU,SULAWESI UTARA,28/12/2023,136175,1344,1,0,0.00734349183036534,0.0,0.0744047619047619,
KOTA KUPANG,NTT,28/12/2023,481270,2352,13,0,0.0270118644419972,30.7692307692308,0.5527210884353742,
KOTA LANGSA,ACEH,28/12/2023,185722,917,0,0,0.0,0.0,0.0,
KOTA LHOKSEUMAWE,ACEH,28/12/2023,216020,1064,1,0,0.00462920099990742,0.0,0.09398496240601503,
KOTA LUBUK LINGGAU,SUMATERA SELATAN,28/12/2023,245949,1211,12,0,0.0487906029298757,25.0,0.990916597853014,
KOTA MADIUN,JAWA TIMUR,28/12/2023,178647,889,11,0,0.0615739419077846,18.1818181818182,1.2373453318335208,
KOTA MAGELANG,JAWA TENGAH,28/12/2023,121991,1218,1,0,0.00819732603224828,0.0,0.08210180623973727,
KOTA MAKASSAR,SULAWESI SELATAN,28/12/2023,1588373,7861,110,0,0.0692532547455793,0.909090909090909,1.3993130644956113,
KOTA MALANG,JAWA TIMUR,28/12/2023,888338,4424,49,0,0.0551591849048448,18.3673469387755,1.1075949367088607,
KOTA MANADO,SULAWESI UTARA,28/12/2023,434471,2170,10,0,0.0230164959226277,20.0,0.4608294930875576,
KOTA MATARAM,NTB,28/12/2023,538549,2639,7,0,0.0129978887714953,0.0,0.2652519893899204,
KOTA MEDAN,SUMATERA UTARA,28/12/2023,2344745,11655,172,0,0.0733555248012044,16.8604651162791,1.4757614757614759,
KOTA METRO,LAMPUNG,28/12/2023,176381,175,12,0,0.0680345388675651,0.0,6.857142857142858,
KOTA MOJOKERTO,JAWA TIMUR,28/12/2023,132844,658,11,0,0.0828038902773178,0.0,1.6717325227963524,
KOTA PADANG,SUMATERA BARAT,28/12/2023,1010096,4984,23,0,0.0227701129397602,0.0,0.4614767255216694,
KOTA PADANG PANJANG,SUMATERA BARAT,28/12/2023,57100,280,0,0,0.0,0.0,0.0,
KOTA PADANGSIDIMPUAN,SUMATERA UTARA,28/12/2023,236621,1169,2,0,0.00845233516889879,0.0,0.1710863986313088,
KOTA PAGAR ALAM,SUMATERA SELATAN,28/12/2023,143705,714,6,0,0.0417522006889113,33.3333333333333,0.8403361344537815,
KOTA PALANGKARAYA,KALIMANTAN TENGAH,28/12/2023,300537,1477,67,0,0.222934280970396,2.98507462686567,4.536222071767095,
KOTA PALEMBANG,SUMATERA SELATAN,28/12/2023,1760667,1736,133,0,0.0755395540440072,3.7593984962406,7.661290322580645,
KOTA PALOPO,SULAWESI SELATAN,28/12/2023,193984,952,5,0,0.0257753216760145,0.0,0.5252100840336135,
KOTA PALU,SULAWESI TENGAH,28/12/2023,410089,2023,30,0,0.0731548517516929,46.6666666666667,1.4829461196243203,
KOTA PANGKAL PINANG,KEP. BANGKA BELITUNG,28/12/2023,217834,217,16,0,0.073450425553403,6.25,7.373271889400922,
KOTA PARE PARE,SULAWESI SELATAN,28/12/2023,149644,742,0,0,0.0,0.0,0.0,
KOTA PARIAMAN,SUMATERA BARAT,28/12/2023,93236,462,0,0,0.0,0.0,0.0,
KOTA PASURUAN,JAWA TIMUR,28/12/2023,205749,203,13,0,0.0631837821812014,0.0,6.403940886699508,
KOTA PAYAKUMBUH,SUMATERA BARAT,28/12/2023,145409,714,3,0,0.0206314602259833,0.0,0.42016806722689076,
KOTA PEKALONGAN,JAWA TENGAH,28/12/2023,313987,3122,5,0,0.0159242261622296,100.0,0.1601537475976938,
KOTA PEKANBARU,RIAU,28/12/2023,1198291,5894,114,0,0.0951354887919545,3.50877192982456,1.9341703427214116,
KOTA PEMATANGSIANTAR,SUMATERA UTARA,28/12/2023,262467,2611,6,0,0.0228600166878122,0.0,0.2297970126388357,
KOTA PONTIANAK,KALIMANTAN BARAT,28/12/2023,674547,3332,26,0,0.0385443860842906,15.3846153846154,0.78031212484994,
KOTA PRABUMULIH,SUMATERA SELATAN,28/12/2023,199484,196,5,0,0.0250646668404484,0.0,2.5510204081632653,
KOTA PROBOLINGGO,JAWA TIMUR,28/12/2023,245240,1218,5,0,0.0203881911596803,20.0,0.41050903119868637,
KOTA SABANG,ACEH,28/12/2023,35309,175,33,0,0.934605907842193,0.0,18.857142857142858,
KOTA SALATIGA,JAWA TENGAH,28/12/2023,202470,1001,3,0,0.0148170099273967,100.0,0.2997002997002997,
KOTA SAMARINDA,KALIMANTAN TIMUR,28/12/2023,873462,868,36,0,0.0412153018677401,0.0,4.147465437788019,
KOTA SAWAHLUNTO,SUMATERA BARAT,28/12/2023,65003,322,0,0,0.0,0.0,0.0,
KOTA SEMARANG,JAWA TENGAH,28/12/2023,1911886,1883,94,0,0.0491661113685649,15.9574468085106,4.992033988316516,
KOTA SERANG,BANTEN,28/12/2023,728553,3591,43,0,0.0590211007298028,9.30232558139535,1.1974380395433026,
KOTA SIBOLGA,SUMATERA UTARA,28/12/2023,87696,91,1,0,0.011403028644408,0.0,1.098901098901099,
KOTA SINGKAWANG,KALIMANTAN BARAT,28/12/2023,236237,1162,3,0,0.0126991114854997,0.0,0.25817555938037867,
KOTA SOLOK,SUMATERA BARAT,28/12/2023,77169,378,0,0,0.0,0.0,0.0,
KOTA SORONG,PAPUA BARAT,28/12/2023,290939,1414,4,0,0.0137485864734532,0.0,0.2828854314002829,
KOTA SUBULUSSALAM,ACEH,28/12/2023,84352,413,1,0,0.0118550834597876,0.0,0.24213075060532688,
KOTA SUKABUMI,JAWA BARAT,28/12/2023,333325,1659,15,0,0.0450011250281257,13.3333333333333,0.9041591320072333,
KOTA SUNGAI PENUH,JAMBI,28/12/2023,88777,441,3,0,0.033792536355137,0.0,0.6802721088435374,
KOTA SURABAYA,JAWA TIMUR,28/12/2023,2936833,14637,753,0,0.256398644390062,18.8579017264276,5.144496823119492,
KOTA SURAKARTA,JAWA TENGAH,28/12/2023,520511,2597,33,0,0.0633992365194972,15.1515151515152,1.2706969580284944,
KOTA TANGERANG,BANTEN,28/12/2023,2346193,23100,581,0,0.247635211595977,12.9087779690189,2.515151515151515,
KOTA TANGERANG SELATAN,BANTEN,28/12/2023,1809471,17766,610,0,0.337115101595991,21.9672131147541,3.433524710120455,
KOTA TANJUNG BALAI,SUMATERA UTARA,28/12/2023,184373,910,2,0,0.010847575295732,0.0,0.21978021978021978,
KOTA TANJUNG PINANG,KEP. RIAU,28/12/2023,222782,1106,7,0,0.0314208508766417,0.0,0.6329113924050633,
KOTA TARAKAN,KALIMANTAN UTARA,28/12/2023,271593,266,74,0,0.272466521596654,20.2702702702703,27.819548872180448,
KOTA TASIKMALAYA,JAWA BARAT,28/12/2023,689095,3430,8,0,0.011609429759322,37.5,0.23323615160349853,
KOTA TEBING TINGGI,SUMATERA UTARA,28/12/2023,172723,1708,5,0,0.0289480845052483,0.0,0.29274004683840754,
KOTA TEGAL,JAWA TENGAH,28/12/2023,250541,2499,2,0,0.00798272538227276,0.0,0.08003201280512205,
KOTA TERNATE,MALUKU UTARA,28/12/2023,247515,1218,5,0,0.0202007959113589,0.0,0.41050903119868637,
KOTA TIDORE KEPULAUAN,MALUKU UTARA,28/12/2023,102120,1526,0,0,0.0,0.0,0.0,
KOTA TOMOHON,SULAWESI UTARA,28/12/2023,111784,1106,0,0,0.0,0.0,0.0,
KOTA TUAL,MALUKU,28/12/2023,79702,392,0,0,0.0,0.0,0.0,
KOTA YOGYAKARTA,DI YOGYAKARTA,28/12/2023,455535,2247,97,0,0.212936437375833,14.4329896907216,4.316866933689364,
KOTABARU,KALIMANTAN SELATAN,28/12/2023,355668,1757,4,0,0.0112464433123025,25.0,0.22766078542970974,
KOTAWARINGIN BARAT,KALIMANTAN TENGAH,28/12/2023,323169,1589,8,0,0.0247548496297603,62.5,0.5034612964128383,
KOTAWARINGIN TIMUR,KALIMANTAN TENGAH,28/12/2023,468449,2317,5,0,0.0106735204899573,0.0,0.21579628830384118,
KUANTAN SINGINGI,RIAU,28/12/2023,323698,1617,2,0,0.00617859857027229,0.0,0.12368583797155226,
KUBU RAYA,KALIMANTAN BARAT,28/12/2023,600596,2968,7,0,0.0116550892779839,0.0,0.2358490566037736,
KUDUS,JAWA TENGAH,28/12/2023,901892,4466,3,0,0.00332634062615036,33.3333333333333,0.06717420510523958,
KULON PROGO,DI YOGYAKARTA,28/12/2023,453584,2240,19,0,0.0418886027725846,42.1052631578947,0.8482142857142857,
KUNINGAN,JAWA BARAT,28/12/2023,1106111,5502,22,0,0.0198895047603721,22.7272727272727,0.39985459832788073,
KUPANG,NTT,28/12/2023,416355,2037,7,0,0.0168125758067034,14.2857142857143,0.3436426116838488,
KUTAI BARAT,KALIMANTAN TIMUR,28/12/2023,151288,756,176,0,1.16334408545291,1.70454545454545,23.28042328042328,
KUTAI KARTANEGARA,KALIMANTAN TIMUR,28/12/2023,802708,791,32,0,0.0398650567827903,0.0,4.0455120101137805,
KUTAI TIMUR,KALIMANTAN TIMUR,28/12/2023,412084,2002,8,0,0.0194135176323274,0.0,0.3996003996003996,
LABUHANBATU,SUMATERA UTARA,28/12/2023,534910,2632,3,0,0.00560842010805556,0.0,0.11398176291793312,
LABUHANBATU SELATAN,SUMATERA UTARA,28/12/2023,372069,1827,0,0,0.0,0.0,0.0,
LABUHANBATU UTARA,SUMATERA UTARA,28/12/2023,376665,1869,5,0,0.013274395019447,0.0,0.26752273943285176,
LAHAT,SUMATERA SELATAN,28/12/2023,423178,2100,2,0,0.00472614360859969,0.0,0.09523809523809523,
LAMANDAU,KALIMANTAN TENGAH,28/12/2023,84807,420,1,0,0.01179147947693,100.0,0.2380952380952381,
LAMONGAN,JAWA TIMUR,28/12/2023,1207761,6034,32,0,0.0264953082604919,0.0,0.5303281405369572,
LAMPUNG BARAT,LAMPUNG,28/12/2023,311457,308,1,0,0.00321071608600866,0.0,0.3246753246753247,
LAMPUNG SELATAN,LAMPUNG,28/12/2023,1047046,5194,18,0,0.0171912217801319,0.0,0.346553715825953,
LAMPUNG TENGAH,LAMPUNG,28/12/2023,1318822,6552,8,0,0.00606601952348384,0.0,0.1221001221001221,
LAMPUNG TIMUR,LAMPUNG,28/12/2023,1076178,5341,13,0,0.0120797860576968,0.0,0.2434001123385134,
LAMPUNG UTARA,LAMPUNG,28/12/2023,624940,3115,8,0,0.0128012289179761,0.0,0.2568218298555377,
LANDAK,KALIMANTAN BARAT,28/12/2023,391121,3871,0,0,0.0,0.0,0.0,
LANGKAT,SUMATERA UTARA,28/12/2023,1064230,5299,4,0,0.0037585860199393,0.0,0.07548594074353651,
LANNY JAYA,PAPUA,28/12/2023,208000,1015,0,0,0.0,0.0,0.0,
LEBAK,BANTEN,28/12/2023,1320499,6580,26,0,0.0196895264593158,11.5384615384615,0.3951367781155016,
LEBONG,BENGKULU,28/12/2023,118953,588,1,0,0.00840668163055997,0.0,0.17006802721088435,
LEMBATA,NTT,28/12/2023,153776,756,5,0,0.032514826761003,20.0,0.6613756613756614,
LIMA PULUH KOTA,SUMATERA BARAT,28/12/2023,398447,1974,2,0,0.00501948816279204,0.0,0.10131712259371835,
LINGGA,KEP. RIAU,28/12/2023,90395,455,0,0,0.0,0.0,0.0,
LOMBOK BARAT,NTB,28/12/2023,754640,3710,33,0,0.0437294604049613,3.03030303030303,0.889487870619946,
LOMBOK TENGAH,NTB,28/12/2023,1005924,4977,4,0,0.00397644354841916,0.0,0.08036970062286518,
LOMBOK TIMUR,NTB,28/12/2023,1267020,6279,10,0,0.00789253524016985,20.0,0.15926102882624624,
LOMBOK UTARA,NTB,28/12/2023,233689,1155,1,0,0.00427919157512763,0.0,0.08658008658008658,
LUMAJANG,JAWA TIMUR,28/12/2023,1051412,5250,13,0,0.012364325307301,7.69230769230769,0.2476190476190476,
LUWU,SULAWESI SELATAN,28/12/2023,375850,1862,5,0,0.0133031794598909,0.0,0.26852846401718583,
LUWU TIMUR,SULAWESI SELATAN,28/12/2023,312667,1540,5,0,0.0159914541668932,0.0,0.3246753246753247,
LUWU UTARA,SULAWESI SELATAN,28/12/2023,322640,1603,3,0,0.00929828911480288,0.0,0.18714909544603867,
MADIUN,JAWA TIMUR,28/12/2023,687381,3430,10,0,0.014547972667269,10.0,0.2915451895043732,
MAGELANG,JAWA TENGAH,28/12/2023,1321111,13125,38,0,0.0287636693661623,5.26315789473684,0.2895238095238095,
MAGETAN,JAWA TIMUR,28/12/2023,637903,3185,37,0,0.0580025489768821,0.0,1.1616954474097332,
MAHAKAM ULU,KALIMANTAN TIMUR,28/12/2023,26904,266,11,0,0.408861135890574,0.0,4.135338345864661,
MAJALENGKA,JAWA BARAT,28/12/2023,1239111,6167,54,0,0.0435796308805264,11.1111111111111,0.8756283444138155,
MAJENE,SULAWESI BARAT,28/12/2023,177899,882,1,0,0.00562116706670639,0.0,0.11337868480725624,
MALAKA,NTT,28/12/2023,203096,1001,1,0,0.00492377988734392,0.0,0.0999000999000999,
MALANG,JAWA TIMUR,28/12/2023,2663862,13251,64,0,0.024025268576225,4.6875,0.48298241642140216,
MALINAU,KALIMANTAN UTARA,28/12/2023,91486,1344,2,0,0.021861268390792,0.0,0.1488095238095238,
MALUKU BARAT DAYA,MALUKU,28/12/2023,73783,371,0,0,0.0,0.0,0.0,
MALUKU TENGAH,MALUKU,28/12/2023,376864,1883,1,0,0.00265347711641335,0.0,0.05310674455655868,
MALUKU TENGGARA,MALUKU,28/12/2023,101086,567,0,0,0.0,0.0,0.0,
MAMASA,SULAWESI BARAT,28/12/2023,165164,1638,2,0,0.0121091763338258,0.0,0.1221001221001221,
MAMBERAMO RAYA,PAPUA,28/12/2023,25652,126,0,0,0.0,0.0,0.0,
MAMBERAMO TENGAH,PAPUA,28/12/2023,56308,553,0,0,0.0,0.0,0.0,
MAMUJU,SULAWESI BARAT,28/12/2023,312027,1533,3,0,0.00961455258679537,0.0,0.19569471624266144,
MAMUJU TENGAH,SULAWESI BARAT,28/12/2023,142571,700,0,0,0.0,0.0,0.0,
MANDAILING NATAL,SUMATERA UTARA,28/12/2023,463910,2303,2,0,0.00431118104804811,0.0,0.08684324793747286,
MANGGARAI,NTT,28/12/2023,356643,1764,4,0,0.0112156974902073,25.0,0.22675736961451248,
MANGGARAI BARAT,NTT,28/12/2023,298444,1463,6,0,0.0201042741686883,0.0,0.4101161995898838,
MANGGARAI TIMUR,NTT,28/12/2023,297563,1477,1,0,0.0033606328743829,0.0,0.06770480704129993,
MANOKWARI,PAPUA BARAT,28/12/2023,178623,882,4,0,0.0223935327477425,0.0,0.45351473922902497,
MANOKWARI SELATAN,PAPUA BARAT,28/12/2023,27867,133,1,0,0.0358847382208347,0.0,0.7518796992481203,
MAPPI,PAPUA,28/12/2023,104652,518,1,0,0.00955547911172266,0.0,0.19305019305019305,
MAROS,SULAWESI SELATAN,28/12/2023,362746,1799,6,0,0.0165404994128123,0.0,0.33351862145636463,
MAYBRAT,PAPUA BARAT,28/12/2023,45053,224,0,0,0.0,0.0,0.0,
MELAWI,KALIMANTAN BARAT,28/12/2023,218068,1078,1,0,0.00458572555349707,0.0,0.0927643784786642,
MEMPAWAH,KALIMANTAN BARAT,28/12/2023,271915,1351,0,0,0.0,0.0,0.0,
MERANGIN,JAMBI,28/12/2023,396377,1967,1,0,0.00252285072040002,0.0,0.05083884087442806,
MERAUKE,PAPUA,28/12/2023,240736,1190,11,0,0.0456932074970092,9.09090909090909,0.9243697478991597,
MESUJI,LAMPUNG,28/12/2023,203919,1015,2,0,0.00980781584844963,0.0,0.19704433497536944,
MIMIKA,PAPUA,28/12/2023,224406,1106,17,0,0.075755550208105,11.7647058823529,1.5370705244122964,
MINAHASA,SULAWESI UTARA,28/12/2023,347672,3458,6,0,0.0172576451367956,33.3333333333333,0.1735106998264893,
MINAHASA SELATAN,SULAWESI UTARA,28/12/2023,212823,3178,1,0,0.00469874026773422,0.0,0.031466331025802395,
MINAHASA TENGGARA,SULAWESI UTARA,28/12/2023,107295,532,0,0,0.0,0.0,0.0,
MINAHASA UTARA,SULAWESI UTARA,28/12/2023,205569,1022,3,0,0.0145936400916481,0.0,0.29354207436399216,
MOJOKERTO,JAWA TIMUR,28/12/2023,1154185,5726,20,0,0.0173282446055009,10.0,0.34928396786587496,
MOROWALI,SULAWESI TENGAH,28/12/2023,128394,630,2,0,0.0155770518871598,50.0,0.31746031746031744,
MOROWALI UTARA,SULAWESI TENGAH,28/12/2023,138126,1358,0,0,0.0,0.0,0.0,
MUARA ENIM,SUMATERA SELATAN,28/12/2023,672052,3318,6,0,0.00892788058066935,0.0,0.18083182640144665,
MUARO JAMBI,JAMBI,28/12/2023,472734,2317,3,0,0.00634606353678813,0.0,0.1294777729823047,
MUKO MUKO,BENGKULU,28/12/2023,192785,952,1,0,0.00518712555437404,0.0,0.10504201680672269,
MUNA,SULAWESI TENGGARA,28/12/2023,229509,1141,0,0,0.0,0.0,0.0,
MUNA BARAT,SULAWESI TENGGARA,28/12/2023,84368,1253,0,0,0.0,0.0,0.0,
MURUNG RAYA,KALIMANTAN TENGAH,28/12/2023,121578,602,0,0,0.0,0.0,0.0,
MUSI BANYUASIN,SUMATERA SELATAN,28/12/2023,684051,3374,7,0,0.0102331551302461,0.0,0.2074688796680498,
MUSI RAWAS,SUMATERA SELATAN,28/12/2023,424046,2100,4,0,0.00943293887927253,25.0,0.19047619047619047,
MUSI RAWAS UTARA,SUMATERA SELATAN,28/12/2023,201390,994,0,0,0.0,0.0,0.0,
NABIRE,PAPUA,28/12/2023,149427,742,1,0,0.00669223098904482,0.0,0.13477088948787064,
NAGAN RAYA,ACEH,28/12/2023,173151,854,0,0,0.0,0.0,0.0,
NAGEKEO,NTT,28/12/2023,150998,749,3,0,0.0198678128187128,0.0,0.4005340453938585,
NATUNA,KEP. RIAU,28/12/2023,82227,812,0,0,0.0,0.0,0.0,
NDUGA,PAPUA,28/12/2023,117417,574,0,0,0.0,0.0,0.0,
NGADA,NTT,28/12/2023,171106,847,3,0,0.017532991245193,33.3333333333333,0.3541912632821724,
NGANJUK,JAWA TIMUR,28/12/2023,1064353,5313,53,0,0.0497955095724821,3.77358490566038,0.997553171466215,
NGAWI,JAWA TIMUR,28/12/2023,842645,4207,19,0,0.0225480481104142,10.5263157894737,0.45162823864986923,
NIAS,SUMATERA UTARA,28/12/2023,145713,728,0,0,0.0,0.0,0.0,
NIAS BARAT,SUMATERA UTARA,28/12/2023,82720,413,2,0,0.0241779497098646,0.0,0.48426150121065376,
NIAS SELATAN,SUMATERA UTARA,28/12/2023,331894,1645,0,0,0.0,0.0,0.0,
NIAS UTARA,SUMATERA UTARA,28/12/2023,141452,700,1,0,0.00706953595565987,0.0,0.14285714285714285,
NUNUKAN,KALIMANTAN UTARA,28/12/2023,216078,1057,8,0,0.0370236673793723,0.0,0.7568590350047304,
OGAN ILIR,SUMATERA SELATAN,28/12/2023,447854,2219,2,0,0.00446574106740143,0.0,0.09013068949977468,
OGAN KOMERING ILIR,SUMATERA SELATAN,28/12/2023,872967,4312,7,0,0.00801863071570861,0.0,0.16233766233766234,
OGAN KOMERING ULU,SUMATERA SELATAN,28/12/2023,385942,1911,3,0,0.00777318871747568,0.0,0.15698587127158556,
OGAN KOMERING ULU SELATAN,SUMATERA SELATAN,28/12/2023,380217,1883,9,0,0.0236706933146072,0.0,0.4779607010090282,
OGAN KOMERING ULU TIMUR,SUMATERA SELATAN,28/12/2023,700947,3479,9,0,0.0128397724792317,0.0,0.25869502730669736,
PACITAN,JAWA TIMUR,28/12/2023,558220,5579,6,0,0.0107484504317294,0.0,0.10754615522495072,
PADANG LAWAS,SUMATERA UTARA,28/12/2023,312158,1526,2,0,0.00640701183375086,0.0,0.1310615989515072,
PADANG LAWAS UTARA,SUMATERA UTARA,28/12/2023,299017,1463,0,0,0.0,0.0,0.0,
PADANG PARIAMAN,SUMATERA BARAT,28/12/2023,425505,2121,2,0,0.00470029729380383,0.0,0.0942951438000943,
PAHUWATO,GORONTALO,28/12/2023,167187,826,0,0,0.0,0.0,0.0,
PAKPAK BHARAT,SUMATERA UTARA,28/12/2023,53491,56,0,0,0.0,0.0,0.0,
PAMEKASAN,JAWA TIMUR,28/12/2023,914700,4529,5,0,0.00546627309500383,20.0,0.11039964672113049,
PANDEGLANG,BANTEN,28/12/2023,1233381,6153,34,0,0.0275665021595111,0.0,0.5525759791971396,
PANGANDARAN,JAWA BARAT,28/12/2023,409276,2037,7,0,0.0171033727851132,0.0,0.3436426116838488,
PANGKAJENE KEPULAUAN,SULAWESI SELATAN,28/12/2023,344306,1708,5,0,0.0145219659256592,0.0,0.29274004683840754,
PANIAI,PAPUA,28/12/2023,172970,861,1,0,0.00578134936694224,0.0,0.11614401858304298,
PARIGI MOUTONG,SULAWESI TENGAH,28/12/2023,519507,7679,1,0,0.00192490187812676,0.0,0.013022528975126969,
PASAMAN,SUMATERA BARAT,28/12/2023,294660,2919,0,0,0.0,0.0,0.0,
PASAMAN BARAT,SUMATERA BARAT,28/12/2023,487133,2387,1,0,0.00205282746190465,0.0,0.04189359028068705,
PASANGKAYU,SULAWESI BARAT,28/12/2023,187773,917,1,0,0.00532557928988726,0.0,0.10905125408942204,
PASER,KALIMANTAN TIMUR,28/12/2023,290548,1435,5,0,0.0172088604980933,0.0,0.34843205574912894,
PASURUAN,JAWA TIMUR,28/12/2023,1670573,8302,152,0,0.0909867452664445,3.28947368421053,1.8308841243073959,
PATI,JAWA TENGAH,28/12/2023,1270753,6335,2,0,0.001573869981027,50.0,0.03157063930544593,
PEGUNUNGAN ARFAK,PAPUA BARAT,28/12/2023,36553,175,0,0,0.0,0.0,0.0,
PEGUNUNGAN BINTANG,PAPUA,28/12/2023,78461,392,1,0,0.012745185506175,0.0,0.25510204081632654,
PEKALONGAN,JAWA TENGAH,28/12/2023,910504,9065,6,0,0.00658975688190277,66.6666666666667,0.06618863761720904,
PELALAWAN,RIAU,28/12/2023,561684,2695,8,0,0.0142428838991319,0.0,0.29684601113172543,
PEMALANG,JAWA TENGAH,28/12/2023,1301069,6503,5,0,0.00384299372285405,40.0,0.07688759034291866,
PENAJAM PASER UTARA,KALIMANTAN TIMUR,28/12/2023,160695,798,9,0,0.0560067208064968,22.2222222222222,1.1278195488721803,
PENUKAL ABAB LEMATANG ILIR,SUMATERA SELATAN,28/12/2023,199731,987,3,0,0.0150202021719212,0.0,0.303951367781155,
PESAWARAN,LAMPUNG,28/12/2023,461030,2289,6,0,0.0130143374617704,0.0,0.2621231979030144,
PESISIR BARAT,LAMPUNG,28/12/2023,159205,791,3,0,0.0188436292829999,0.0,0.37926675094816686,
PESISIR SELATAN,SUMATERA BARAT,28/12/2023,479148,2380,2,0,0.0041740756509471,0.0,0.08403361344537816,
PIDIE,ACEH,28/12/2023,463470,2289,3,0,0.00647291086801735,0.0,0.1310615989515072,
PIDIE JAYA,ACEH,28/12/2023,167646,1652,0,0,0.0,0.0,0.0,
PINRANG,SULAWESI SELATAN,28/12/2023,385138,1918,1,0,0.00259647191396331,0.0,0.05213764337851929,
POLEWALI MANDAR,SULAWESI BARAT,28/12/2023,447799,2226,1,0,0.00223314478147562,0.0,0.04492362982929021,
PONOROGO,JAWA TIMUR,28/12/2023,878785,4389,14,0,0.0159310866708012,0.0,0.3189792663476874,
POSO,SULAWESI TENGAH,28/12/2023,274782,1351,1,0,0.00363924856795569,0.0,0.07401924500370095,
PRINGSEWU,LAMPUNG,28/12/2023,412015,2044,15,0,0.0364064415130517,0.0,0.7338551859099804,
PROBOLINGGO,JAWA TIMUR,28/12/2023,1194358,5943,7,0,0.00586088928110332,0.0,0.11778563015312131,
PULANG PISAU,KALIMANTAN TENGAH,28/12/2023,129238,1288,6,0,0.0464259737848001,0.0,0.4658385093167702,
PULAU MOROTAI,MALUKU UTARA,28/12/2023,71149,350,0,0,0.0,0.0,0.0,
PULAU TALIABU,MALUKU UTARA,28/12/2023,55215,273,0,0,0.0,0.0,0.0,
PUNCAK,PAPUA,28/12/2023,115639,574,0,0,0.0,0.0,0.0,
PUNCAK JAYA,PAPUA,28/12/2023,134005,658,0,0,0.0,0.0,0.0,
PURBALINGGA,JAWA TENGAH,28/12/2023,958753,9513,2,0,0.00208604301629304,50.0,0.021023862083464732,
PURWAKARTA,JAWA BARAT,28/12/2023,965366,959,14,0,0.0145022716772706,7.14285714285714,1.4598540145985401,
PURWOREJO,JAWA TENGAH,28/12/2023,717295,7168,2,0,0.00278825308973296,0.0,0.027901785714285712,
RAJA AMPAT,PAPUA BARAT,28/12/2023,50931,252,0,0,0.0,0.0,0.0,
REJANG LEBONG,BENGKULU,28/12/2023,279162,2765,3,0,0.0107464482988372,0.0,0.108499095840868,
REMBANG,JAWA TENGAH,28/12/2023,649959,3234,0,0,0.0,0.0,0.0,
ROKAN HILIR,RIAU,28/12/2023,753464,3703,10,0,0.0132720342312307,20.0,0.2700513097488523,
ROKAN HULU,RIAU,28/12/2023,770787,7476,10,0,0.0129737528007089,10.0,0.13376136971642588,
ROTE NDAO,NTT,28/12/2023,199789,966,0,0,0.0,0.0,0.0,
SABU RAIJUA,NTT,28/12/2023,107976,525,1,0,0.00926131732977699,0.0,0.19047619047619047,
SAMBAS,KALIMANTAN BARAT,28/12/2023,547378,2723,3,0,0.00548067331898615,0.0,0.11017260374586854,
SAMOSIR,SUMATERA UTARA,28/12/2023,127515,637,1,0,0.00784221464141474,0.0,0.15698587127158556,
SAMPANG,JAWA TIMUR,28/12/2023,1021574,5054,12,0,0.0117465792982202,0.0,0.2374356944994064,
SANGGAU,KALIMANTAN BARAT,28/12/2023,489029,2422,2,0,0.00408973700946161,50.0,0.08257638315441783,
SARMI,PAPUA,28/12/2023,41378,203,0,0,0.0,0.0,0.0,
SAROLANGUN,JAMBI,28/12/2023,314533,1554,0,0,0.0,0.0,0.0,
SEKADAU,KALIMANTAN BARAT,28/12/2023,205385,1022,6,0,0.0292134284392726,0.0,0.5870841487279843,
SELUMA,BENGKULU,28/12/2023,202262,1001,1,0,0.00494408242774224,0.0,0.0999000999000999,
SEMARANG,JAWA TENGAH,28/12/2023,1096016,1085,7,0,0.00638676807637845,0.0,0.6451612903225806,
SERAM BAGIAN BARAT,MALUKU,28/12/2023,173649,868,0,0,0.0,0.0,0.0,
SERAM BAGIAN TIMUR,MALUKU,28/12/2023,115260,574,0,0,0.0,0.0,0.0,
SERANG,BANTEN,28/12/2023,1524782,7602,63,0,0.0413173817634259,7.93650793650794,0.8287292817679558,
SERDANG BEDAGAI,SUMATERA UTARA,28/12/2023,616750,3080,6,0,0.00972841507904337,0.0,0.19480519480519481,
SERUYAN,KALIMANTAN TENGAH,28/12/2023,222378,1078,0,0,0.0,0.0,0.0,
SIAK,RIAU,28/12/2023,518535,2548,7,0,0.0134995709064962,0.0,0.27472527472527475,
SIDENRENG RAPPANG,SULAWESI SELATAN,28/12/2023,306764,1526,3,0,0.00977950476587866,0.0,0.19659239842726078,
SIDOARJO,JAWA TIMUR,28/12/2023,2389147,11774,184,0,0.0770149346189247,10.8695652173913,1.5627654153218957,
SIGI,SULAWESI TENGAH,28/12/2023,245706,2436,4,0,0.0162796187313293,75.0,0.16420361247947454,
SIJUNJUNG,SUMATERA BARAT,28/12/2023,256420,1260,1,0,0.00389985180563139,0.0,0.07936507936507936,
SIKKA,NTT,28/12/2023,325262,322,64,0,0.196764454501294,12.5,19.875776397515526,
SIMALUNGUN,SUMATERA UTARA,28/12/2023,880303,4389,12,0,0.0136316700045325,8.33333333333333,0.2734107997265892,
SIMEULUE,ACEH,28/12/2023,98617,490,0,0,0.0,0.0,0.0,
SINJAI,SULAWESI SELATAN,28/12/2023,247470,1232,6,0,0.024245363074312,0.0,0.487012987012987,
SINTANG,KALIMANTAN BARAT,28/12/2023,434726,2149,1,0,0.00230029949899477,0.0,0.04653327128897162,
SITARO,SULAWESI UTARA,28/12/2023,67563,672,0,0,0.0,0.0,0.0,
SITUBONDO,JAWA TIMUR,28/12/2023,694754,3458,9,0,0.0129542255244302,0.0,0.26026604973973394,
SLEMAN,DI YOGYAKARTA,28/12/2023,1300361,6412,195,0,0.149958357717588,20.5128205128205,3.0411728009981287,
SOLOK,SUMATERA BARAT,28/12/2023,384021,1911,2,0,0.00520804851818,0.0,0.10465724751439037,
SOLOK SELATAN,SUMATERA BARAT,28/12/2023,185512,910,3,0,0.016171460606322,0.0,0.32967032967032966,
SOPPENG,SULAWESI SELATAN,28/12/2023,230182,1148,4,0,0.0173775534142548,0.0,0.34843205574912894,
SORONG,PAPUA BARAT,28/12/2023,98271,483,4,0,0.0407037681513366,0.0,0.8281573498964804,
SORONG SELATAN,PAPUA BARAT,28/12/2023,51879,252,0,0,0.0,0.0,0.0,
SRAGEN,JAWA TENGAH,28/12/2023,891032,4452,29,0,0.0325465303154095,6.89655172413793,0.651392632524708,
SUBANG,JAWA BARAT,28/12/2023,1602185,7973,15,0,0.00936221472551547,13.3333333333333,0.1881349554747272,
SUKABUMI,JAWA BARAT,28/12/2023,2551483,12698,39,0,0.0152852282378523,7.69230769230769,0.30713498188691135,
SUKAMARA,KALIMANTAN TENGAH,28/12/2023,68717,1008,0,0,0.0,0.0,0.0,
SUKOHARJO,JAWA TENGAH,28/12/2023,908870,4522,21,0,0.0231056146643634,9.52380952380952,0.46439628482972134,
SUMBA BARAT,NTT,28/12/2023,137164,679,4,0,0.0291621708319967,25.0,0.5891016200294551,
SUMBA BARAT DAYA,NTT,28/12/2023,370505,1820,7,0,0.0188931323463921,14.2857142857143,0.38461538461538464,
SUMBA TENGAH,NTT,28/12/2023,76510,1134,0,0,0.0,0.0,0.0,
SUMBA TIMUR,NTT,28/12/2023,270121,2674,1,0,0.00370204463925426,0.0,0.037397157816005985,
SUMBAWA,NTB,28/12/2023,485956,2408,18,0,0.0370403904880277,5.55555555555556,0.7475083056478405,
SUMBAWA BARAT,NTB,28/12/2023,169258,826,2,0,0.0118162804712333,0.0,0.24213075060532688,
SUMEDANG,JAWA BARAT,28/12/2023,1192046,5929,17,0,0.0142611946183285,17.6470588235294,0.2867262607522348,
SUMENEP,JAWA TIMUR,28/12/2023,1102978,5502,22,0,0.0199460007361888,0.0,0.39985459832788073,
SUPIORI,PAPUA,28/12/2023,21577,21,0,0,0.0,0.0,0.0,
TABALONG,KALIMANTAN SELATAN,28/12/2023,263220,1302,5,0,0.0189955170579743,0.0,0.38402457757296465,
TABANAN,BALI,28/12/2023,456166,2268,41,0,0.0898795613877404,14.6341463414634,1.8077601410934743,
TAKALAR,SULAWESI SELATAN,28/12/2023,302122,1505,7,0,0.0231694481037462,0.0,0.46511627906976744,
TAMBRAUW,PAPUA BARAT,28/12/2023,16502,14,1,0,0.0605987153072355,0.0,7.142857142857142,
TANA TIDUNG,KALIMANTAN UTARA,28/12/2023,32217,154,2,0,0.0620790266008629,0.0,1.2987012987012987,
TANA TORAJA,SULAWESI SELATAN,28/12/2023,242598,1204,0,0,0.0,0.0,0.0,
TANAH BUMBU,KALIMANTAN SELATAN,28/12/2023,420241,2037,7,0,0.016657108659079,0.0,0.3436426116838488,
TANAH DATAR,SUMATERA BARAT,28/12/2023,350416,1750,3,0,0.00856125291082599,0.0,0.17142857142857143,
TANAH LAUT,KALIMANTAN SELATAN,28/12/2023,355389,1757,1,0,0.00281381809791524,0.0,0.056915196357427436,
TANGERANG,BANTEN,28/12/2023,4005959,19635,668,0,0.166751581830967,6.1377245508982,3.4020881079704606,
TANGGAMUS,LAMPUNG,28/12/2023,620766,3080,9,0,0.0144982167193435,0.0,0.2922077922077922,
TANJUNG JABUNG BARAT,JAMBI,28/12/2023,344382,1701,1,0,0.00290375222862984,0.0,0.058788947677836566,
TANJUNG JABUNG TIMUR,JAMBI,28/12/2023,215171,1071,0,0,0.0,0.0,0.0,
TAPANULI SELATAN,SUMATERA UTARA,28/12/2023,286830,1428,2,0,0.0069727713279643,0.0,0.1400560224089636,
TAPANULI TENGAH,SUMATERA UTARA,28/12/2023,411470,2016,4,0,0.00972124334702408,0.0,0.1984126984126984,
TAPANULI UTARA,SUMATERA UTARA,28/12/2023,309543,1540,7,0,0.0226139825484666,0.0,0.45454545454545453,
TAPIN,KALIMANTAN SELATAN,28/12/2023,195745,973,0,0,0.0,0.0,0.0,
TASIKMALAYA,JAWA BARAT,28/12/2023,1819712,9058,62,0,0.0340713255723983,4.83870967741935,0.684477809671009,
TEBO,JAMBI,28/12/2023,364446,1806,1,0,0.00274389072729568,0.0,0.05537098560354374,
TEGAL,JAWA TENGAH,28/12/2023,1438315,7189,5,0,0.0034762899642985,0.0,0.06955070246209487,
TELUK BINTUNI,PAPUA BARAT,28/12/2023,70555,343,0,0,0.0,0.0,0.0,
TELUK WONDAMA,PAPUA BARAT,28/12/2023,35629,35,0,0,0.0,0.0,0.0,
TEMANGGUNG,JAWA TENGAH,28/12/2023,789399,7840,6,0,0.00760071902802005,0.0,0.07653061224489796,
TIMOR TENGAH SELATAN,NTT,28/12/2023,474906,2366,3,0,0.00631703958257002,0.0,0.12679628064243448,
TIMOR TENGAH UTARA,NTT,28/12/2023,262167,1302,1,0,0.00381436260093757,0.0,0.07680491551459294,
TOBA SAMOSIR,SUMATERA UTARA,28/12/2023,186001,1855,7,0,0.0376342062677082,0.0,0.37735849056603776,
TOJO UNA UNA,SULAWESI TENGAH,28/12/2023,158734,2359,1,0,0.00629984754368944,0.0,0.0423908435777872,
TOLI TOLI,SULAWESI TENGAH,28/12/2023,242636,2408,0,0,0.0,0.0,0.0,
TOLIKARA,PAPUA,28/12/2023,154025,756,0,0,0.0,0.0,0.0,
TORAJA UTARA,SULAWESI SELATAN,28/12/2023,240749,1197,10,0,0.041537036498594,0.0,0.835421888053467,
TRENGGALEK,JAWA TIMUR,28/12/2023,701723,3507,9,0,0.0128255736237803,0.0,0.2566295979469632,
TUBAN,JAWA TIMUR,28/12/2023,1189785,5929,23,0,0.0193312237084851,4.34782608695652,0.38792376454714117,
TULANG BAWANG,LAMPUNG,28/12/2023,471654,2331,4,0,0.00848079312377293,0.0,0.1716001716001716,
TULANG BAWANG BARAT,LAMPUNG,28/12/2023,280574,1393,1,0,0.00356412212108036,0.0,0.07178750897343862,
TULUNGAGUNG,JAWA TIMUR,28/12/2023,1054696,5257,9,0,0.0085332645615419,0.0,0.17120030435609665,
WAJO,SULAWESI SELATAN,28/12/2023,409515,2037,1,0,0.00244191299464,0.0,0.049091801669121256,
WAKATOBI,SULAWESI TENGGARA,28/12/2023,103670,518,3,0,0.0289379762708595,0.0,0.5791505791505791,
WAROPEN,PAPUA,28/12/2023,33994,168,0,0,0.0,0.0,0.0,
WAY KANAN,LAMPUNG,28/12/2023,466017,4620,4,0,0.00858337785960598,0.0,0.08658008658008658,
WONOGIRI,JAWA TENGAH,28/12/2023,957883,4788,7,0,0.00730778184809627,0.0,0.14619883040935672,
WONOSOBO,JAWA TENGAH,28/12/2023,794214,3962,103,0,0.129687968230225,1.94174757281553,2.5996971226653205,
YAHUKIMO,PAPUA,28/12/2023,200458,994,0,0,0.0,0.0,0.0,
YALIMO,PAPUA,28/12/2023,70343,343,0,0,0.0,0.0,0.0,
